reQTLDDEint
22875
51056
8798
114879
4719
11215
55166
7175
84256
51660
27107
2261
27440
4040
9993
54962
7587
8556
57613
4799
9342
6545
55007
9517
26090
9663
10166
3038
26015
9455
6510
11196
9693
83891
55325
833
55856
55770
59084
3488
79954
57488
54812
348995
127495
9904
5208
58986
547
51318
51805
2048
23075
272
8553
167691
4752
1607
92856
84171
5428
4864
8560
5899
165215
132001
78991
22932
9258
55909
7013
114987
138151
26524
134145
2308
145282
129787
83734
678
118813
26100
3455
84838
148789
90957
50650
51368
221955
116173
8642
3419
51693
64223
196074
23119
56985
23587
93134
5481
653583
253461
90637
2517
144811
66004
2619
65265
119559
146223
8508
374395
79896
23621
26037
92689
26275
9652
4860
55170
54535
155054
4747
