PC1,PC2,Drug_Name,Cluster
-2.474883881029504,-0.5172930858352328,Control,2
0.8148260178067375,-1.5449328577749193,Dau_0.5,2
-1.8032151302776824,2.4731098929220208,Dox_0.5,1
0.30615420859554454,1.903431468763595,Epi_0.5,1
2.282130382597137,0.060473883143127266,Mito_0.5,1
1.5105499235666948,0.6425557584517669,Tras_0.5,1
-2.443313142227345,1.0623618952940708,Control.1,2
0.27708638466281316,-1.3312578517735836,Dau_0.5.1,2
-1.7228622803824916,2.166289973371052,Dox_0.5.1,1
0.9330861790102023,0.8747106763995017,Epi_0.5.1,1
2.0759524102281106,0.10506361626668412,Mito_0.5.1,1
-2.0662224455290055,-1.8508690740884952,Tras_0.5.1,2
-1.4017890474666406,-1.059391548686936,Control.2,2
1.954125276395698,-0.6033756989971906,Dau_0.5.2,1
0.3250560997849746,0.6619575029419005,Dox_0.5.2,1
1.5447969800006947,-0.7374576171900387,Epi_0.5.2,1
2.260591208997057,-0.05730197160609796,Mito_0.5.2,1
-2.3720691447329956,-2.248074961601225,Tras_0.5.2,2
