"sigVDA3.ENTREZID","sigVDA3.SYMBOL","sigVDA3.logFC","sigVDA3.AveExpr","sigVDA3.t","sigVDA3.P.Value","sigVDA3.adj.P.Val","sigVDA3.B"
"10221","TRIB1",2.56540324280738,6.26322750539779,9.35946883071029,1.43785217069984e-13,2.02507099721365e-09,20.5309494950415
"1385","CREB1",0.978125905795716,5.06370564928723,8.99110533736585,6.25225250044412e-13,4.40283621081275e-09,19.1136242070566
"7716","VEZF1",0.987210366470899,4.96003690116036,8.8735733506511,1.00121847841499e-12,4.70038701666558e-09,18.6471863161398
"162239","ZFP1",1.26752681542152,3.34990931629238,8.62719459344332,2.69346168825111e-12,9.48367860433214e-09,17.4374979217382
"57547","ZNF624",1.67331794914142,1.55836134971468,8.56779867249956,3.42075609782628e-12,9.63558577635707e-09,16.5720270119011
"284406","ZFP82",1.62672500465636,2.19065478578069,8.52170478587832,4.11843952943588e-12,9.66735038876249e-09,16.6967112640723
"84872","ZC3H10",1.59445016037134,2.25175552571295,8.32776450523242,9.00155714422711e-12,1.81111329741849e-08,15.9486042098245
"10140","TOB1",1.38039567190025,5.37294931689944,7.98857482137278,3.543747975001e-11,6.15734850660159e-08,15.2376225297521
"3337","DNAJB1",1.04909292502079,6.11426190249596,7.96269811711414,3.93468734446281e-11,6.15734850660159e-08,15.1563938535806
"23394","ADNP",0.902131377193832,6.64257307707577,7.90017007864754,5.06692586948423e-11,6.92361776837381e-08,14.9119689267354
"5514","PPP1R10",1.66504083295137,5.626744910146,7.8840863153217,5.40754014854529e-11,6.92361776837381e-08,14.8348929574443
"284309","ZNF776",1.19146419897847,3.82367756695441,7.78874810209878,7.95249380116608e-11,9.22643835183076e-08,14.3980518436364
"54925","ZSCAN32",0.906786309307378,3.43969950502764,7.77181755551741,8.51630918587048e-11,9.22643835183076e-08,14.2552345358653
"51307","FAM53C",-1.21975117039431,6.45787452867587,-7.47060640100645,2.88019899744236e-10,2.89748019142702e-07,13.2306215096196
"4690","NCK1",0.597507859802702,4.26063857492032,7.29633215192589,5.82537658665403e-10,5.46964025642902e-07,12.5337530999339
"339324","ZNF260",1.79481153590433,3.77450081317623,7.23129084323654,7.57525491481566e-10,6.66811813876648e-07,12.2167674656629
"79142","PHF23",0.77280172007568,5.74288952746455,7.20393947887082,8.45958282885841e-10,7.00851556244952e-07,12.1897930203638
"7705","ZNF146",0.814851524721197,5.91720527532027,7.13555302139785,1.11477686358021e-09,8.72250963703538e-07,11.9215408764989
"149483","CCDC17",-2.66049916016774,0.0612077236384548,-7.10791445334494,1.24622747926398e-09,9.05950203443567e-07,11.1317753546599
"22822","PHLDA1",1.87596441139772,7.11388820734616,7.09620677579835,1.30646889454431e-09,9.05950203443567e-07,11.7699588514588
"117143","TADA1",1.03865076749541,3.45854298304874,7.0879263476716,1.35082038286814e-09,9.05950203443567e-07,11.661428784718
"283219","KCTD21",1.44247128340352,3.68593999705992,6.91098320929918,2.75456299844086e-09,1.76342114863823e-06,10.9976058080775
"27245","AHDC1",1.1113713145276,5.8092415307381,6.82617532379547,3.87339657242851e-09,2.37186597069927e-06,10.7216826029198
"81629","TSSK3",-1.69183404498881,0.547898426756067,-6.6693634352441,7.26511355521677e-09,4.26341080465304e-06,9.58748848359879
"84132","USP42",0.822404428953549,4.21627090748547,6.62292727205256,8.74919457083336e-09,4.92894625342468e-06,9.94312576501174
"114821","ZBED9",1.3300229552113,2.4336762277658,6.597207797633,9.69716627548053e-09,5.25288037784107e-06,9.71780590696616
"51193","ZNF639",1.01803370217232,4.43869467566575,6.58583013575468,1.01484718289816e-08,5.29374360145843e-06,9.80654308711459
"29998","BICRA",1.1429315103821,3.33793142066892,6.55162651336554,1.16348309702025e-08,5.85231997801185e-06,9.62965745801923
"168451","THAP5",0.941184932680347,4.49061901397815,6.50664843052113,1.39234245014488e-08,6.76198312684154e-06,9.50394173502898
"83744","ZNF484",1.62096012259206,2.10003693616722,6.44055986656313,1.81208509944938e-08,8.50713551354836e-06,9.05713701478584
"5193","PEX12",1.09324942668038,3.12005349048709,6.43178140322521,1.87656660742436e-08,8.52566583837571e-06,9.16929180471763
"4899","NRF1",0.705634103553662,3.24796272112543,6.37313140717895,2.369890372296e-08,1.04304800010678e-05,8.97260719223965
"285349","ZNF660",1.43736842716399,1.14328811721871,6.31311028015639,3.00809408329748e-08,1.2838180930049e-05,8.45593263857897
"5914","RARA",1.37140215154113,5.08641072108059,6.26760714489242,3.60316107853903e-08,1.49255648912187e-05,8.58642776070676
"4092","SMAD7",1.21515528705225,5.22503482218347,6.25419863303422,3.79982084914039e-08,1.52904790969409e-05,8.54132424926875
"4084","MXD1",-1.06416845771377,3.66633584606588,-6.23929893827953,4.03086308568572e-08,1.57696321385549e-05,8.48648906989625
"4091","SMAD6",1.13419947017058,6.1758745167916,6.21990262309017,4.35262720897069e-08,1.65682166516603e-05,8.38264868428501
"55904","KMT2E",0.930449026185493,5.46776255613416,6.21264880165237,4.47939842088473e-08,1.66020650946686e-05,8.36340533004221
"60468","BACH2",1.57604225357993,3.98846581762416,6.16471033980844,5.41433330543755e-08,1.95526846855853e-05,8.20939633120082
"9972","NUP153",0.773287036994508,5.42562984772815,6.15413477443002,5.64532559840398e-08,1.98771914319804e-05,8.13968388029729
"79692","ZNF322",0.734086857812555,4.05744511410844,6.0650248844546,8.02248430752124e-08,2.70388825135282e-05,7.83657057805398
"91661","ZNF765",0.975611048583662,2.9578495354439,6.0588332897894,8.22044707010559e-08,2.70388825135282e-05,7.77713122204341
"4800","NFYA",1.11651635692522,4.36932982488225,6.05703725754496,8.27877153471691e-08,2.70388825135282e-05,7.804830281819
"157638","LRATD2",1.55019348268769,7.09096932299011,6.05191868737487,8.44725099826213e-08,2.70388825135282e-05,7.74320188776535
"57645","POGK",0.731833525875217,5.342322323214,6.04345903182553,8.73318054126461e-08,2.73329143873713e-05,7.72300436025282
"147949","ZNF583",1.20275711670339,1.95392123893609,5.99897224610411,1.04021447348401e-07,3.18486535751061e-05,7.48064087584782
"147694","ZNF548",0.975603784735715,2.90712943877382,5.97730718639726,1.13256831212498e-07,3.37055937397666e-05,7.47804567816838
"2627","GATA6",1.00332684455529,6.61339766970901,5.97193116240091,1.15671504613236e-07,3.37055937397666e-05,7.43538158050246
"389677","RBM12B",1.29270970746259,4.28419672392849,5.9684417927564,1.17265982196007e-07,3.37055937397666e-05,7.47475916944717
"3280","HES1",1.04782886671248,5.56376812019917,5.9396128121467,1.31299656598763e-07,3.69844872707397e-05,7.34648406394117
"121536","AEBP2",0.829657707090452,4.36134336978144,5.89539310943385,1.56118074228866e-07,4.31130775968499e-05,7.20387547466882
"8690","JRKL",1.04996351152645,3.06727005343621,5.87460934442689,1.69334740577428e-07,4.54755145666011e-05,7.10325852100264
"163081","ZNF567",0.986780994485644,2.47582700865529,5.87191005886273,1.71130522012912e-07,4.54755145666011e-05,7.06545901340524
"54971","BANP",0.881518665563686,3.21456175748568,5.85691904981966,1.81451994119002e-07,4.73253682439264e-05,7.03932961088443
"26512","INTS6",0.868610199600347,4.59219718687425,5.85086337819158,1.85793891359969e-07,4.75767484711602e-05,7.02921517545127
"10395","DLC1",1.23601919711772,6.66924775032538,5.77813406599802,2.46695483145949e-07,6.20439140112061e-05,6.70734171007115
"25976","TIPARP",0.947721717158029,6.36934432261082,5.71645869426141,3.13518147843727e-07,7.74664841093167e-05,6.47444050114182
"359948","IRF2BP2",0.993650415447085,6.34275888695446,5.68824369663625,3.4977357166594e-07,8.49346721266051e-05,6.38241544511038
"7738","ZNF184",1.22656348254866,2.71902041931158,5.6725965543498,3.71633524392917e-07,8.87133314838958e-05,6.36370686990707
"65260","COA7",0.74743252724977,3.6683316796902,5.66402822078455,3.84170077800012e-07,9.01775229289228e-05,6.35494560054035
"90321","ZNF766",0.865829802173239,3.43852281178452,5.62695854363374,4.43395069611715e-07,0.000102373379678875,6.22027589012565
"9530","BAG4",0.889738191459294,3.88111259844792,5.61348358965244,4.67085997661985e-07,0.000106103857920506,6.16841552387151
"79660","PPP1R3B",1.27581425312388,5.11029680862681,5.57848362313309,5.346158526346e-07,0.000119516343944535,6.00639616495562
"257236","CCDC96",-1.16418240817129,2.2590611856208,-5.56893786809544,5.54648918910752e-07,0.000122057427717797,5.97127733281864
"286006","LSMEM1",-1.7080028717884,0.574518239214792,-5.56211273050153,5.69424661746408e-07,0.000123381183631329,5.82756756701715
"23598","PATZ1",0.830049510777922,4.80183857361323,5.55122429124216,5.93804721974977e-07,0.000126714328852963,5.90896314761657
"79020","C7orf25",0.683517601835388,3.92492991884146,5.52487240989773,6.57151296387396e-07,0.000138139087437613,5.84713361492125
"56905","C15orf39",0.983273907911991,4.70158044310534,5.47792970462757,7.86920021576194e-07,0.000161898572415256,5.64660077310868
"51043","ZBTB7B",0.706310316466618,4.78512759195131,5.4742469031457,7.98109098569362e-07,0.000161898572415256,5.62389830058147
"10023","FRAT1",-2.07889598215255,2.59995624117939,-5.47025422265873,8.10416828546502e-07,0.000161898572415256,5.63789365520552
"23642","SNHG1",-1.2365349669879,5.35127435968601,-5.46677336959381,8.21299305830978e-07,0.000161898572415256,5.57515507724558
"122525","C14orf28",-0.850619032082357,2.53403259780458,-5.46378492667501,8.30757125072968e-07,0.000161898572415256,5.61245921621279
"79094","CHAC1",1.66507934570002,1.99388006146481,5.45941145222783,8.44792065127684e-07,0.000161898572415256,5.58124907458587
"10557","RPP38",0.698086481446407,3.43127699025106,5.45760849664318,8.50645722715774e-07,0.000161898572415256,5.60855621972168
"284615","ANKRD34A",1.43180742627701,2.64689751656451,5.44582570573139,8.89897225974393e-07,0.000167110833741645,5.55101690524889
"11277","TREX1",-1.66306413196919,1.85274779247804,-5.38984000260229,1.1021677881305e-06,0.000204249093789867,5.30316225258676
"54453","RIN2",1.08690829142037,5.26267055752876,5.37692513864915,1.1578097124811e-06,0.000210326546942123,5.26055172133208
"57182","ANKRD50",1.0158830678883,6.77024178709463,5.37533920574844,1.16483035085811e-06,0.000210326546942123,5.21360152611184
"146923","RUNDC1",0.632853248279063,4.7986531449288,5.34136992202376,1.32568130882472e-06,0.000236340450044143,5.13921393646319
"7771","ZNF112",1.25666861430874,2.34209193190383,5.3177579528694,1.45017308470534e-06,0.000255302971562374,5.0838131342287
"23269","MGA",0.848106098761908,5.15630857832874,5.29357433726411,1.58959347750088e-06,0.00027639301897682,4.95122534484724
"57541","ZNF398",0.71180438036911,3.46275300479319,5.28423749807569,1.64687920991805e-06,0.000282861546249828,4.98669602187676
"7565","ZNF17",1.21915195437452,2.26172756487624,5.25685797337433,1.82682913788257e-06,0.000309988693710098,4.8743615037127
"606553","LINC02905",1.24899830189038,3.02833174599447,5.2439713036096,1.91808599873179e-06,0.000321367190832287,4.84741396471781
"57659","ZBTB4",0.65874924996852,6.39751801156649,5.24103191764801,1.93952081942235e-06,0.000321367190832287,4.72019082802249
"84441","MAML2",1.45488324146574,4.14414615042831,5.22957133798459,2.02536658594021e-06,0.000331689104609093,4.77201291253231
"51735","RAPGEF6",0.815317294595814,3.85636742485927,5.21510456403379,2.13907882343097e-06,0.000346284898266687,4.73260717422898
"7574","ZNF26",0.957840243335657,2.26736813566469,5.20415483032236,2.22929604941317e-06,0.000356788699544717,4.68201668373611
"1912","PHC2",0.554026305244635,5.98020151862537,5.19901265185153,2.27294376536976e-06,0.000359686966196267,4.57496736955469
"100128071","FAM229A",-1.51651506267833,0.454811903618807,-5.18892418358744,2.36103010019626e-06,0.000369474977012935,4.49301723187259
"64207","IRF2BPL",0.743093480876726,6.52100865093947,5.17587379420206,2.47996820102488e-06,0.000379487550125469,4.4869138934532
"9860","LRIG2",1.05544385644608,3.58596315674348,5.17545394608092,2.4838907406077e-06,0.000379487550125469,4.60358235977269
"8603","FAM193A",0.889063479831253,4.74252353852065,5.1731158746404,2.50584650395261e-06,0.000379487550125469,4.54281638694221
"112840","WDR89",0.911954572037125,3.1128692433813,5.16641142914909,2.56986741123278e-06,0.000385042687444707,4.57537558985716
"657","BMPR1A",0.976190157767754,5.41547041352024,5.13097781702831,2.93584720626758e-06,0.00043524707424287,4.34784121158893
"114799","ESCO1",0.927988961267148,4.16245461413824,5.12377463629815,3.01627552787306e-06,0.000442512755568377,4.40136225756699
"6046","BRD2",0.576550105062733,7.25804391663211,5.10696026981173,3.21253111955416e-06,0.000466446271008256,4.24383155387784
"9304","SNORD22",-1.83537917253353,1.20095489637022,-5.0983339012977,3.31802772223668e-06,0.000473352109450445,4.2630550816535
"220359","TIGD3",-1.74824365603459,0.106596629017501,-5.09758768660422,3.32731176055056e-06,0.000473352109450445,4.13507478768851
"57018","CCNL1",-1.12716757545757,6.33943197916365,-5.08955578572598,3.42886879008648e-06,0.00048292188039578,4.1795960876364
"23268","DNMBP",1.15702820747467,4.69824407102696,5.0853025678101,3.48387289681632e-06,0.000485810553255059,4.23302415745073
"22850","ADNP2",0.780011405519617,4.91909557796652,5.0794620571868,3.56081742729414e-06,0.000491672084764811,4.19083715080194
"55721","IQCC",1.27540484880236,0.609285434407266,4.99177581036187,4.9375596120755e-06,0.000675151355111372,3.85306612768228
"2643","GCH1",-1.59902949416696,2.96792660409993,-4.98875741984244,4.99324553078267e-06,0.000676200673610991,3.95849584418078
"170082","TCEANC",1.33519292138282,1.06292351005801,4.9801265449719,5.15589352719859e-06,0.000685649668172733,3.81159093760543
"6310","ATXN1",0.605143670121451,5.85668461223699,4.97989200089388,5.16038517653434e-06,0.000685649668172733,3.78651711519559
"79943","ZNF696",0.968303047873472,3.09973962116387,4.96952050926399,5.36288484186678e-06,0.0007058959823631,3.88837679406362
"55914","ERBIN",0.571673158249581,6.30474976349842,4.96601083669323,5.43315724857883e-06,0.000708523950823929,3.73487553937812
"80095","ZNF606",1.31261969748866,3.36326903998771,4.96037068813821,5.54798112914058e-06,0.000715385126733816,3.85886615513673
"84078","KBTBD7",0.858373927236749,2.9974183967139,4.95846275144119,5.58735898471455e-06,0.000715385126733816,3.85364561158888
"7693","ZNF134",0.683647097262057,3.65008583210636,4.94724424662928,5.82449592842123e-06,0.000735806697207738,3.78828239688791
"4665","NAB2",1.66538871179845,5.21439517766617,4.94600235119723,5.8513455046341e-06,0.000735806697207738,3.71731371179032
"115560","ZNF501",1.77083567595781,0.0683098584213808,4.9223094341978,6.38742509508876e-06,0.000796110575568408,3.59767097845373
"10336","PCGF3",0.570588219910521,5.62211385858771,4.90072398689175,6.91749816154891e-06,0.000854614421993464,3.52012848700331
"7770","ZNF227",0.677181697008611,3.30245749764673,4.89659381890428,7.02372086150671e-06,0.000860192040117048,3.63176628324068
"51278","IER5",-0.73802256006178,5.94729948000738,-4.88965732999064,7.20572147169025e-06,0.000874873975924874,3.48435009186173
"26009","ZZZ3",0.539187255111012,5.12724102311754,4.88466581403688,7.33953715280437e-06,0.000883504626154673,3.48613033800516
"85459","CEP295",0.594738442344476,4.04604615086618,4.88161360831003,7.42255756309076e-06,0.000885926277276019,3.52340315405241
"382","ARF6",0.567398855888111,5.83325924337438,4.87768619405499,7.53073680709367e-06,0.000891284850345439,3.43027277581874
"133957","CCDC127",0.522195748437915,4.53120926950267,4.8582959593228,8.08785400613448e-06,0.000949244465186651,3.42422467681615
"51058","ZNF691",1.32079524144747,2.43386736189261,4.84943109802359,8.35580024066286e-06,0.000972146051648521,3.4802106311062
"23211","ZC3H4",0.697189815940574,4.67122879109552,4.84731503420401,8.42103225654073e-06,0.000972146051648521,3.39915955133716
"79637","ARMC7",0.880518960537862,3.14408636630884,4.83538804223702,8.79812806767107e-06,0.00100742142849658,3.42903348241679
"54438","GFOD1",1.00739456859796,6.08523494952555,4.83297161452011,8.8765157487555e-06,0.001008200385528,3.2749474603835
"55629","PNRC2",0.713262281148091,5.32900983860495,4.82659850706281,9.08654653612968e-06,0.0010237993713188,3.28014755804887
"8870","IER3",1.49141617201203,6.63199690972206,4.80591022125107,9.8023850030152e-06,0.00109568881255925,3.17983829706199
"152815","THAP6",0.62043885462996,3.55059326334518,4.78742814667366,1.04883034070796e-05,0.00116312807232527,3.25557358952797
"10560","SLC19A2",-0.851907023061794,4.95151118980671,-4.78118689329509,1.07303591652905e-05,0.00118067483190587,3.13534472249283
"378884","NHLRC1",3.14413362879854,0.144337643363976,4.7732504409748,1.10460554705953e-05,0.00120598949804546,3.11712738483862
"54807","ZNF586",1.11085161403228,1.77649194673468,4.77080190708106,1.11452721282526e-05,0.00120746163580238,3.20452578669421
"134266","GRPEL2",0.869350152742043,3.10373398574926,4.75665756401941,1.1735684185219e-05,0.00126172042797423,3.16229742726938
"7584","ZNF35",0.623646332007106,3.1015298938139,4.74984366102768,1.20309072351175e-05,0.00128366134469239,3.1333005227094
"5049","PAFAH1B2",0.753131840268283,6.47861293421894,4.74352288644946,1.2311242249999e-05,0.00130369575826305,2.9519190297595
"7733","ZNF180",0.889714192790902,3.029766497182,4.73161421122551,1.28568429197916e-05,0.00134539637075535,3.08057062376237
"55628","ZNF407",0.763979406966933,4.24788298701488,4.73077673594885,1.2896088472875e-05,0.00134539637075535,3.01075639239901
"3725","JUN",1.08638818297842,6.9963727096247,4.7240586032195,1.32151730808279e-05,0.00136854777698809,2.8873451460622
"7755","ZNF205",0.939181863185391,3.54305623928721,4.71337906687316,1.37383375939251e-05,0.00141234121659008,2.99812413625156
"4848","CNOT2",0.400452197933195,5.56457981476663,4.7089535562118,1.39610090249766e-05,0.00142483225440413,2.84701031995501
"7840","ALMS1",0.634973368058577,3.87501611704756,4.68841179942926,1.50415496988e-05,0.00151927149470489,2.86824561212921
"92595","ZNF764",1.01457145352554,3.51515735600414,4.68730369324673,1.51021023330506e-05,0.00151927149470489,2.91587499511966
"64083","GOLPH3",0.41783951084405,6.24431286358122,4.67934597856667,1.55439946323248e-05,0.00155263560568555,2.72805725574333
"4144","MAT2A",0.679962714496418,6.63329221506773,4.66392953471658,1.64362459531287e-05,0.00163019780284412,2.67626140824292
"2626","GATA4",0.856967625944558,8.4828562280271,4.66150280274009,1.65811737638193e-05,0.00163307168734008,2.73076221425619
"6843","VAMP1",-1.10044344021737,2.28419906350365,-4.64787106085628,1.74187400682037e-05,0.00170364954944848,2.80829805264492
"389692","MAFA",-3.24190736300999,0.990176770879934,-4.62806898749452,1.8709351770095e-05,0.00181725869193116,2.68660422462736
"23401","FRAT2",-1.00887035974444,4.05003051350757,-4.62447686395465,1.89532564812867e-05,0.00182834016631809,2.65462813791687
"100293516","ZNF587B",1.06354054519565,2.79036942181794,4.6208672613751,1.9201469110435e-05,0.00183539712410994,2.71209493502529
"1052","CEBPD",1.11884844654756,5.55333938421165,4.61963328655159,1.92870473138505e-05,0.00183539712410994,2.56824711576488
"203523","ZNF449",0.89337871900306,2.87135435639925,4.61692166696002,1.94764107098237e-05,0.001839202550466,2.69809213660267
"79648","MCPH1",0.787510771045822,3.77527366841777,4.61345360474645,1.97212419685317e-05,0.001839202550466,2.64735828575099
"468","ATF4",0.88750030968832,6.68150773459937,4.6127441420625,1.97716954711733e-05,0.001839202550466,2.50332915629807
"1181","CLCN2",-0.986963263657449,2.65105041226002,-4.61165508790298,1.98493885026151e-05,0.001839202550466,2.67864093224353
"10193","RNF41",0.821478509178482,5.70144584530756,4.60746958035212,2.01507607809664e-05,0.00185492362639955,2.49028615488945
"7637","ZNF84",0.73345040262354,4.92682085032347,4.59440139200252,2.11206951437452e-05,0.00193158357405525,2.5075310737154
"55030","FBXO34",0.550706801715264,5.13116308257974,4.59245959504755,2.12686451416757e-05,0.00193256514951846,2.49015052121126
"9310","ZNF235",1.03261582736065,1.97799209315217,4.59066157368458,2.14065405551469e-05,0.00193262639217108,2.61927530560642
"3739","KCNA4",1.27878543153305,2.95238694149569,4.56719219862332,2.32883392688426e-05,0.00208912719912344,2.52431119523646
"27107","ZBTB11",-0.972340257264029,5.13655013897168,-4.56137586449347,2.37790543869037e-05,0.00210300948336863,2.3666780033636
"7561","ZNF14",0.876899138790634,2.18552396026477,4.56094803826596,2.38155443262599e-05,0.00210300948336863,2.52238207289593
"9935","MAFB",-2.06673909558357,3.27283333981517,-4.56006482088328,2.38910478087888e-05,0.00210300948336863,2.50639198197296
"132430","PABPC4L",1.34032562762958,2.33584249075364,4.55121280302954,2.46607687576272e-05,0.00215728116262374,2.49048119564977
"9859","CEP170",0.551818298792115,6.44392428680886,4.52248608912822,2.73286483985482e-05,0.00237590545706884,2.1902356188822
"168850","ZNF800",0.7381687674838,4.09808888317408,4.51902648302283,2.76683033200962e-05,0.00239067720221003,2.30355822610259
"81558","FAM117A",-0.965170504200198,2.65449193332875,-4.50591076375945,2.89936687434845e-05,0.00248991969867827,2.32953192601239
"51542","VPS54",0.403813630878164,5.03155367307559,4.4721147339641,3.26998078135393e-05,0.0027735985355885,2.07125590412742
"90362","FAM110B",0.769262920645221,4.2977950665516,4.47144236994428,3.27780253257706e-05,0.0027735985355885,2.15374765477738
"140628","GATA5",1.00486775273073,3.84215852427244,4.47050186227287,3.28877417951774e-05,0.0027735985355885,2.15027758025533
"162514","TRPV3",2.3782489836686,0.119680298424573,4.43577823510458,3.71980489824328e-05,0.00311843643969395,2.05342820186761
"7543","ZFX",0.575929323719452,5.40827145706574,4.41621838934288,3.98627256561294e-05,0.00332205105408832,1.85991989817218
"2959","GTF2B",-0.894691112748795,5.05105838907148,-4.41291162374161,4.03311672528093e-05,0.0033413185858151,1.87629672943171
"23677","SH3BP4",0.879849657489592,6.99135397037521,4.40665379451276,4.12323358915258e-05,0.00339600127892543,1.80712830875914
"54439","RBM27",0.43096630397457,5.05522604092306,4.39996621441943,4.22170015599034e-05,0.00345688517424232,1.82012985877264
"51742","ARID4B",0.792537692149763,5.79517305097035,4.39176711831169,4.34554057018814e-05,0.0035377221613023,1.7785936816603
"9775","EIF4A3",-0.66920122318649,6.65557588309481,-4.37784138633823,4.56400322974733e-05,0.003680184471408,1.70684928446716
"197407","ZNF48",0.556629449083676,4.65687602677754,4.37729467410275,4.57279382630219e-05,0.003680184471408,1.7817650912338
"11218","DDX20",0.528092406697465,4.66839051481796,4.37362513802374,4.63222310300031e-05,0.0037068312603782,1.74715308961093
"387496","RASL11A",-2.57965847557693,1.69943944230461,-4.36965204132543,4.69741372226873e-05,0.00373776129177587,1.90052351775198
"80311","KLHL15",-1.38072210042675,4.52652013493645,-4.36662109594538,4.74774328683068e-05,0.00375658519391704,1.73903799518305
"7707","ZNF148",0.485440814057313,5.59868104429151,4.36236725993117,4.81926266292432e-05,0.00379187124830314,1.6674756187417
"7852","CXCR4",-2.17606315200147,2.35977649720729,-4.3530712005633,4.97921336169661e-05,0.00389595783256305,1.84683399786405
"51557","LGSN",-1.95080377676435,2.62614051265189,-4.34205686145842,5.17540112576999e-05,0.00402709113012953,1.81674228989069
"151987","PPP4R2",0.487441512747497,4.76124567601499,4.33487777708227,5.30728936087611e-05,0.00410702545926259,1.63838468754681
"155054","ZNF425",-1.20372142868343,3.62181706175673,-4.30529866552575,5.88590466612965e-05,0.0045298951539765,1.6378768042702
"7549","ZNF2",0.68469829066986,2.49948971283531,4.29989313466441,5.99805754952556e-05,0.00459112187649554,1.67312548344697
"101928793",NA,1.92610278844357,0.0394814257716136,4.29653628322921,6.06874426420588e-05,0.00460056563825602,1.62995022242902
"57479","PRR12",0.751233660873044,5.13268476595081,4.29620679890864,6.07572570800639e-05,0.00460056563825602,1.47481546094959
"2049","EPHB3",1.41849562920295,7.75860309379693,4.29137989689119,6.17889942655722e-05,0.00465366949324235,1.45356368999538
"25805","BAMBI",0.922710727640002,8.69006985222772,4.28037237602167,6.42057143202247e-05,0.00480273899313947,1.44595915816099
"9534","ZNF254",0.861515655869721,4.03482492880737,4.27928092354639,6.44502747588298e-05,0.00480273899313947,1.51804885454811
"3621","ING1",-1.00074178214403,3.67183430857213,-4.24152677865507,7.3487871206868e-05,0.00539826523054862,1.41317542590001
"64864","RFX7",0.69562391577537,4.85169247191786,4.24145106339102,7.35071733214014e-05,0.00539826523054862,1.3401788257321
"11040","PIM2",-0.829372125384502,3.1414050891468,-4.24111932667409,7.35918009276722e-05,0.00539826523054862,1.45019593465871
"9709","HERPUD1",1.07574414611977,5.9959816657939,4.23322877399811,7.56327432972395e-05,0.00551923086320373,1.22857529374085
"25807","RHBDD3",-0.590169575962411,6.00739669270437,-4.23130180362158,7.61394281582845e-05,0.00552756549577979,1.23311983603844
"8325","FZD8",1.07966603878239,6.56687604344942,4.2185622161431,7.95728215915319e-05,0.00574719804766736,1.1820092696635
"6100","RP9",0.719084517419307,3.66323957892679,4.21251253659304,8.12552468132378e-05,0.00582310059277837,1.31691496492206
"6659","SOX4",0.850204064392959,7.04522197606016,4.21060650731507,8.17924086735546e-05,0.00582310059277837,1.15254189603085
"200765","TIGD1",0.951340269079553,1.62103603819198,4.21027828632646,8.18852547502893e-05,0.00582310059277837,1.40344924303185
"163033","ZNF579",1.15592969026152,4.4465507678048,4.20889544119682,8.22775502671752e-05,0.00582310059277837,1.26009812428628
"55602","CDKN2AIP",0.726770871108761,5.29041965451913,4.20400297942274,8.36801256064135e-05,0.00586637947011873,1.15639302655692
"25888","ZNF473",0.897330016159315,2.44503757811402,4.20385773658196,8.37221154142193e-05,0.00586637947011873,1.36811999112606
"55924","INKA2",0.970645323228559,6.14531465228219,4.20210209397085,8.42312876296582e-05,0.00587283888602033,1.14438914071697
"3759","KCNJ2",-2.30852367440839,2.1622530344566,-4.19787891622198,8.54683924184456e-05,0.00592973812227285,1.36496327501696
"4248","MGAT3",0.536821251039886,5.11152839959541,4.19601584694394,8.60197141981354e-05,0.00593873360179676,1.13391125225604
"90317","ZNF616",0.800633142855078,2.65290667002019,4.18483648411829,8.94008666606532e-05,0.00611668687296945,1.3139179676592
"162967","ZNF320",0.610775410179317,4.39908495416782,4.18380438639142,8.97194207527636e-05,0.00611668687296945,1.16774633961254
"148203","ZNF738",-0.693401636919015,3.68790114755459,-4.18211962824351,9.02417757134616e-05,0.00611668687296945,1.20693744684562
"84549","MAK16",0.49432939768672,4.13563521104958,4.18182160116302,9.03344837814289e-05,0.00611668687296945,1.1881302138191
"132949","AASDH",0.659664168133431,3.03178746357706,4.17927478389725,9.11304931760424e-05,0.00612543401769696,1.25726530882972
"63920","ZBED8",1.15962216342442,1.87285537245071,4.17813505111804,9.14889096371344e-05,0.00612543401769696,1.30342626231636
"55421","NCBP3",0.372555853710849,5.47731212802841,4.17721550816989,9.17790749360675e-05,0.00612543401769696,1.06362491612057
"23138","N4BP3",1.02455640679145,4.22844890731234,4.17587600646666,9.22033521550521e-05,0.00612543401769696,1.15015785985287
"55171","TBCCD1",0.644219248725191,3.00467685768691,4.15619915542822,9.86586183669963e-05,0.00652351164826656,1.19446210340736
"79027","ZNF655",0.456033292092734,5.73159231884346,4.15410528715407,9.93707079083497e-05,0.00653989275785606,0.982874555856857
"3981","LIG4",0.540361093687579,5.20115165365685,4.15088349810188,0.0001004760923173,0.00655217437243216,1.00261164505376
"57459","GATAD2B",0.63366927810501,5.02819191814826,4.15084966323778,0.000100487763735114,0.00655217437243216,1.01475559519739
"4780","NFE2L2",0.505186482960833,7.07578894216603,4.1386685117876,0.000104775905724615,0.00680029426832016,0.917773891658855
"81856","ZNF611",0.782391076268072,3.0450920562176,4.12684948965948,0.00010910519184124,0.00704879597198175,1.09507920055148
"8554","PIAS1",0.659136607846704,5.40691086209411,4.12301965917812,0.000110544740267807,0.00710918777137807,0.893375929132155
"3491","CCN1",1.78656659251619,7.32874432542604,4.11986250679315,0.000111745217670877,0.00715372566216649,0.873276860402164
"8744","TNFSF9",-2.51683026388117,1.02625676000927,-4.11162609662364,0.000114936579476459,0.00732473658527803,1.08883423092088
"79616","CCNJL",1.0129199274075,4.09907424297271,4.10853119843776,0.000116158353921813,0.0073692534082649,0.928425249606145
"11067","DEPP1",1.02638677216635,3.98332331091336,4.08845327181786,0.000124394382935488,0.00779536228192329,0.963694020651167
"5782","PTPN12",0.412115489679594,5.783255529769,4.08823627383064,0.0001244864020363,0.00779536228192329,0.766529342983513
"221937","FOXK1",0.694280084864707,5.377429426939,4.08812080080516,0.000124535395727971,0.00779536228192329,0.787879120354782
"54826","GIN1",0.845980310798512,2.84726937576636,4.08211985248877,0.000127107281417275,0.00789006291829143,0.977089901427461
"54811","ZNF562",0.490028382870669,3.67126988469846,4.08197793079076,0.0001271687221281,0.00789006291829143,0.917665320486418
"84079","ANKRD27",0.633347504030168,3.38564719991518,4.07792723257918,0.000128934476660428,0.00796453144423448,0.907389987041213
"84307","ZNF397",0.747024996422827,3.02452951686933,4.07272031595041,0.00013123900421488,0.00807148530725923,0.936237921376168
"56949","XAB2",-0.559268962304344,6.08014276242646,-4.07088463853804,0.000132060887713914,0.00808671975027289,0.701937260068219
"27304","MOCS3",-0.71686735204637,3.88370619032605,-4.0655443420335,0.000134480208105616,0.00817466032646628,0.834500384047904
"79866","BORA",0.999339322706974,0.66013245940598,4.06515587706449,0.000134657852580246,0.00817466032646628,0.958158773372142
"23369","PUM2",0.400165406217557,6.43916024019291,4.06239431044537,0.000135927250791744,0.008216306438416,0.668953240653537
"7006","TEC",0.759081557659581,1.65904242957729,4.05912504746183,0.00013744493726233,0.00826664276288926,0.937920165370303
"9113","LATS1",0.564167491487783,3.97774213407595,4.05807917781459,0.000137933900119212,0.00826664276288926,0.816572642592095
"10179","RBM7",0.424208842545204,4.85942673514518,4.05608672475097,0.000138870052383644,0.00828748227869168,0.719375919481035
"6903","TBCC",-0.859302927023211,5.01724746739825,-4.05433776826356,0.000139696843605561,0.00830164702675413,0.696841920123136
"84220","RGPD5",0.534242998758856,5.88131101623848,4.049756988812,0.000141884886275503,0.00837973925917989,0.638405120186963
"5507","PPP1R3C",1.38033245657098,5.94206427972498,4.04826703143968,0.000142603668114276,0.00837973925917989,0.657535897400574
"55149","MTPAP",0.553261957990595,4.24449614970392,4.0478697871679,0.00014279589762874,0.00837973925917989,0.742350466092605
"84622","ZNF594",1.1998555986703,2.11568158047581,4.04480407488616,0.000144287843569771,0.00843215763002759,0.893101917404397
"10482","NXF1",-0.943170953999088,6.17332321516168,-4.03967611174728,0.000146817037020498,0.00854450888180453,0.601928689193693
"148254","ZNF555",1.02990133975076,2.84730806332974,4.0237277079807,0.000154959038992307,0.00898124734636893,0.780080333411485
"25836","NIPBL",0.448129740494997,6.25010472360422,4.02069617965962,0.000156555139281562,0.00903656795754722,0.535821877161763
"7975","MAFK",0.884557293500047,5.63707713667017,4.01159843207652,0.000161440744044835,0.00928053648623449,0.543049871643
"4610","MYCL",-1.83484167923814,2.23132478918748,-4.0102739092746,0.00016216416143265,0.00928422784397332,0.770905298267046
"286336","FAM78A",1.20549830726428,6.77201320763092,4.00556580937421,0.00016476094846403,0.00938933061434964,0.49959994867833
"10329","RXYLT1",-0.596876803936151,4.58112459985173,-4.00445547008355,0.000165379174126104,0.00938933061434964,0.588774422876976
"7016","TESK1",-0.642647662304808,5.34508368245768,-4.00334456129008,0.000165999951929357,0.00938933061434964,0.522775947796895
"51523","CXXC5",0.714360925289049,5.97087408003112,4.00109869223835,0.0001672618075107,0.00941021980112394,0.479305179988043
"284454","MIR23AHG",1.50187707116559,0.371609673963221,4.00024278964025,0.000167745128007488,0.00941021980112394,0.734512207297638
"90007","MIDN",0.732462077554316,7.15536385956439,3.99913318410662,0.000168373714135418,0.00941021980112394,0.481757820983582
"26233","FBXL6",-0.743727065631504,3.80446835845193,-3.98700734070154,0.000175392421767966,0.00976374256197642,0.584626987734813
"4487","MSX1",-0.96970409490947,3.52507707132086,-3.97918511260582,0.000180068623969823,0.00998459251964954,0.588617482855171
"54936","ADPRS",-0.349044408964751,4.98504639526538,-3.97461771766372,0.000182854292337083,0.0100962905399035,0.45296351647884
"148022","TICAM1",1.69834648142633,1.41197860121391,3.97354135162227,0.00018351678345749,0.0100962905399035,0.680726036343796
"100507283","MSANTD2-AS1",-1.56769523696262,0.162336951987244,-3.97120980311942,0.000184959753638627,0.0100997310065817,0.661176054092453
"8733","GPAA1",-0.445758573960127,7.54606820805654,-3.97091084867653,0.000185145560997925,0.0100997310065817,0.401871057177339
"55917","CTTNBP2NL",0.933241343560004,5.41718315564766,3.96890827554032,0.000186394846759339,0.0100997310065817,0.422991417409868
"8795","TNFRSF10B",-0.908059874180163,8.36546651596563,-3.96882376385463,0.000186447746500373,0.0100997310065817,0.42453910745322
"23034","SAMD4A",0.815563607427922,6.97744360843143,3.96328538608353,0.000189946136270791,0.0102233246834579,0.370712976407249
"54784","ALKBH4",0.720053220789768,3.3576314756871,3.96230596401368,0.000190571336281903,0.0102233246834579,0.558447215627661
"29923","HILPDA",1.13254416287852,1.81518179397465,3.96178137378516,0.000190907014466731,0.0102233246834579,0.642552424300154
"27300","ZNF544",0.489482968540135,4.36135642939308,3.95734904069296,0.000193765997313363,0.0103371223718235,0.451140541326695
"9462","RASAL2",0.583849153699664,6.60281826694178,3.95554330437252,0.000194942516479782,0.0103606430267972,0.331194059861859
"23774","BRD1",0.498742515256862,5.08432270323753,3.95377139739228,0.000196103670998122,0.0103831733170585,0.379714580619008
"9422","ZNF264",0.512166975726756,3.53336035958071,3.94988780014538,0.000198671954874868,0.0104797595972196,0.504909348944699
"10743","RAI1",0.593455057108189,5.92676244635155,3.94597562404462,0.000201291825147645,0.0105783360648486,0.309959974345729
"9592","IER2",0.841732347287257,5.42010911962453,3.94228033813832,0.000203796935149704,0.0106701711325221,0.364177762533771
"239","ALOX12",-1.12529397961829,1.3760669809164,-3.93872363073948,0.000206236391230604,0.0107579012373772,0.579077707740058
"493812","HCG11",0.510222447845498,3.53849190041627,3.9356746570364,0.000208349930180573,0.0108280458179454,0.464326678561952
"94039","ZNF101",-0.97035239075048,2.2863575180767,-3.93052491745215,0.000211967077988856,0.0109712449365518,0.52505723722472
"83475","DOHH",-0.53290551777162,4.5234576632382,-3.92954341162563,0.000212663296483857,0.0109712449365518,0.351843659491464
"645455","CEP170P1",0.669998511548195,2.91183692489929,3.92397056372509,0.000216658181490544,0.01113654681793,0.470375418427354
"3292","HSD17B1",0.832761439047425,4.04872537775755,3.92088148746672,0.000218903544793175,0.0112110455449712,0.385604417355734
"79845","RNF122",-1.1087765190472,3.03622893100885,-3.91947062296421,0.00021993648561556,0.0112231357369911,0.44351997528757
"286827","TRIM59",1.08283927395494,2.91848467569248,3.91740612098599,0.000221456420979259,0.0112598997583823,0.454075007621295
"10847","SRCAP",0.651125093059408,6.48448600654725,3.90958497165414,0.000227306590902795,0.0115157770729315,0.185642110004652
"7769","ZNF226",0.559400636876091,3.51060684012074,3.90752958953973,0.000228868467835417,0.011553345881699,0.383633797943358
"571","BACH1",0.564829666670163,5.93072672173359,3.8922192225898,0.000240831478040653,0.0121138233454448,0.148146986286775
"643836","ZFP62",0.80533892415677,2.85769523603805,3.8888275006346,0.000243561749134761,0.0122075575616155,0.379229887491966
"7798","LUZP1",0.533294199025308,6.64712653262005,3.88749615063765,0.000244641561934389,0.0122181977244111,0.116657216374499
"80205","CHD9",0.624755778415257,5.78730425804204,3.88027571077116,0.000250578338798254,0.0124704781753873,0.113208187800617
"26040","SETBP1",1.02709845020324,3.75065854217827,3.87056937680694,0.000258777310775477,0.0128331677639501,0.239689411936458
"3212","HOXB2",1.68966217246505,4.34595095576864,3.86712549560311,0.000261747774801471,0.0129349321414173,0.18961880689668
"84914","ZNF587",0.576074170716475,3.95718237363086,3.86322039817368,0.000265155639249246,0.0129889668710254,0.20219760993489
"10524","KAT5",0.516862330748681,3.95780217697258,3.8627188660825,0.000265596384312423,0.0129889668710254,0.193341050812672
"116224","PABIR1",0.602837020419548,4.06061131292721,3.86182651038739,0.000266382322667885,0.0129889668710254,0.196888341164215
"65997","RASL11B",1.07433850084963,5.26534106387631,3.86147807025835,0.000266689815136277,0.0129889668710254,0.0875733562776526
"388558","ZNF808",0.821401135638334,1.9564959337418,3.86061553185358,0.000267452456162835,0.0129889668710254,0.332304376346808
"6934","TCF7L2",0.689696017912262,4.29110289273676,3.85287807298054,0.000274387991783193,0.0132800016366821,0.149973485374026
"84919","PPP1R15B",0.566610381958812,5.80428350121708,3.84751601605823,0.000279295170861646,0.0134712095425186,0.00833728807709644
"284723","SLC25A34",-1.33654151883295,0.271092582355468,-3.83744276885191,0.000288742381464802,0.0138778068290218,0.278417402046597
"5930","RBBP6",-0.686632582992787,6.6709899031395,-3.83644382307032,0.000289695768796678,0.0138778068290218,-0.0314826464632159
"64925","CCDC71",0.954660833974001,3.98569627985404,3.83206099049753,0.000293914503833449,0.0140092692770272,0.128952191286465
"5261","PHKG2",-0.474724889524849,4.60640303429125,-3.83153019903611,0.000294429402584497,0.0140092692770272,0.0343248964412757
"1488","CTBP2",0.530992615188103,5.34017851613421,3.83028562528986,0.000295640105063685,0.0140195125916395,-0.0159254541062888
"1316","KLF6",1.31575771448232,5.97244951959412,3.82732822396823,0.000298536194447427,0.0140749974091874,-0.0262858988620538
"57551","TAOK1",0.433894601825171,6.7095488288396,3.82705118662263,0.000298808877119215,0.0140749974091874,-0.0723267921764315
"55814","BDP1",0.568320146211816,5.47209975254898,3.82301224124918,0.000302811549812203,0.0142159928918502,-0.0516243758151802
"105373311","LOC105373311",-1.26253009748352,2.42090549041278,-3.81749907622349,0.000308358229021078,0.0144282966695444,0.211565352408214
"26043","UBXN7",0.525015617188455,4.25113794196022,3.81223546248945,0.0003137446024728,0.014588046672548,0.0356071031517731
"2250","FGF5",1.85121072503793,2.81691699278168,3.81117200899814,0.000314843751788544,0.014588046672548,0.131576135629834
"28987","NOB1",0.532409765442138,4.33726143726623,3.81113725449018,0.000314879735050737,0.014588046672548,-0.00791547306460227
"147179","WIPF2",0.610194050648504,5.16774007315883,3.80802364497397,0.000318119465694606,0.0146898182125994,-0.0697141188907375
"26974","ZNF285",1.18934058389436,1.41404131087092,3.80406016065089,0.000322289716265698,0.0148337528231571,0.184025389390097
"196528","ARID2",0.495521290507202,5.06692083019827,3.79237304771103,0.000334893599091158,0.0153600183569937,-0.124464017846307
"27443","CECR2",0.691875204345992,3.48444953936806,3.79145358099556,0.000335904974009802,0.0153600183569937,0.027570562129986
"22903","BTBD3",0.395295017380855,4.73568038491698,3.78831836749699,0.000339375614141447,0.0154684988659163,-0.0945636558226255
"84085","FBXO30",0.458904542904921,5.48092291735759,3.78647882474778,0.0003414279202603,0.0154839209861184,-0.170948886484453
"9937","DCLRE1A",0.640651734695873,3.11373941838429,3.78604578751833,0.000341912768154133,0.0154839209861184,0.0364536408304437
"23506","BICRAL",0.623063574443035,3.50930348259121,3.78425158822165,0.000343928667532664,0.0155252927997758,0.0143170657754519
"51104","ABHD17B",-0.575386369262767,4.23344273852554,-3.78024945165705,0.000348466410099827,0.0156798751432778,-0.0803534791293856
"10427","SEC24B",0.391807702086293,5.96473893423152,3.77818315123341,0.000350831623487092,0.0156942995508372,-0.215182036314801
"26090","ABHD12",-0.330134183618577,7.22559481838892,-3.77802294487369,0.00035101564601773,0.0156942995508372,-0.205600509208876
"91893","FDXACB1",0.814522555924053,1.18591696476429,3.77307341413275,0.000356746711848216,0.0159000654736401,0.0967543705606992
"128346","C1orf162",-1.55808521345101,0.487169839123334,-3.77204480562823,0.000357948927604817,0.0159033208087894,0.0932289485178384
"84060","RBM48",-0.672898788378676,3.75083379609101,-3.76816745489732,0.000362515644062604,0.0160555670785463,-0.0751261752091192
"8427","ZNF282",0.543052771747276,5.24755996008931,3.76431061132695,0.000367113492686424,0.0162071539373599,-0.221968873811214
"27253","PCDH17",-1.07730194936899,3.32147701369257,-3.76335274281716,0.000368264014960218,0.0162071539373599,-0.0343634136669779
"51592","TRIM33",0.521890452666788,5.93901388576369,3.7624176209441,0.000369390543445933,0.0162071539373599,-0.260121162378705
"124801","LSM12",0.642714202960459,3.38499048411966,3.75953555677139,0.000372883306106113,0.0163095915627282,-0.0605671701578165
"123720","WHAMM",-0.695521106810908,3.83039577374943,-3.7582100476137,0.000374500273372529,0.0163296032513272,-0.107767976152864
"55422","ZNF331",0.845820720571206,2.1942598274807,3.75683990370513,0.00037617874008545,0.0163521647387762,0.0110302003801515
"7690","ZNF131",0.495880686094745,4.31832436040285,3.75143740269743,0.000382867366250518,0.0165603663133933,-0.187918481512107
"90874","ZNF697",0.925867011645344,4.87220065985703,3.75087458160961,0.000383570680053511,0.0165603663133933,-0.220331823201888
"1387","CREBBP",0.598220682365705,5.94116898652925,3.75013571023959,0.000384495866549247,0.0165603663133933,-0.298626517356698
"11072","DUSP14",0.602489198419191,6.1613355666795,3.74669129334613,0.000388837075554259,0.0166848798292271,-0.311617261363154
"285172","FAM126B",0.647015574770009,4.4672441242668,3.74529684843051,0.00039060787757696,0.0166848798292271,-0.202524740756965
"4795","NFKBIL1",0.773011693702303,3.40297437299283,3.74412894358001,0.000392096929560855,0.0166848798292271,-0.107695665371834
"80314","EPC1",0.491344036753645,5.01201656633103,3.74405624504866,0.000392189797785606,0.0166848798292271,-0.262953898835719
"339768","ESPNL",1.41453205501486,0.623570318647921,3.74318051553835,0.000393310146499816,0.0166848798292271,0.0110898497055176
"607","BCL9",0.492918908052664,4.6254523933984,3.74103526196777,0.000396067584936737,0.0167500353179799,-0.244613230653822
"54880","BCOR",0.898954332510699,5.66328375693775,3.74013934012275,0.000397224637617531,0.0167500353179799,-0.319074947047676
"9839","ZEB2",0.601709556482896,5.13495566209102,3.73917822782238,0.000398469475017911,0.0167523704064247,-0.291609562784828
"126308","MOB3A",0.834221156213665,3.90534789930131,3.73542357432727,0.000403368366062521,0.0169078573441207,-0.178380894316732
"3622","ING2",-0.726781282415926,3.65576802939499,-3.73332767510623,0.000406127985081076,0.0169473871714906,-0.188289416702053
"254170","FBXO33",-0.540200264855564,4.95869886623411,-3.73223066996202,0.00040757957200057,0.0169473871714906,-0.287398407674159
"388","RHOB",0.891021228074707,6.08651135213277,3.7319729242744,0.0004079213469991,0.0169473871714906,-0.342757394727851
"56342","PPAN",0.758485560979318,0.849536091395182,3.72258244908003,0.000420561784631272,0.0174211534551378,-0.0478642606885691
"64768","IPPK",0.711061426714047,3.76714316543524,3.72092257140881,0.000422834720853448,0.0174639419604104,-0.201075210532067
"51524","TMEM138",0.487498609562123,3.25774872130286,3.71920708290751,0.000425196141961334,0.0175101241619398,-0.18439711830241
"57035","RSRP1",-0.856593535148948,5.12456767098191,-3.71713043598308,0.000428071573235518,0.0175535596239625,-0.34783896966596
"619189","SERINC4",-1.13425468800661,0.432554113625766,-3.71664703588494,0.000428743575024361,0.0175535596239625,-0.0643481862208137
"9880","ZBTB39",0.811896638236626,2.84073193361181,3.70089599479562,0.000451199842848986,0.0184194161932902,-0.202567967531321
"11143","KAT7",0.528645076004968,5.15194222737143,3.69861330845474,0.000454546039655286,0.0184821407154183,-0.42373922140322
"100130744","LOC100130744",-0.815074003232111,1.08398376307121,-3.69726166026956,0.000456538583690907,0.0184821407154183,-0.128361338267974
"65265","C8orf33",-0.304117231625097,6.07068076383444,-3.69639984551317,0.000457813387746143,0.0184821407154183,-0.46890054586307
"90231","KIAA2013",-0.3866467050829,7.13014483170845,-3.69628369912081,0.000457985452263632,0.0184821407154183,-0.462303621100958
"55632","G2E3",0.662093326117065,3.11256489761471,3.68354071510562,0.000477243235658927,0.0191856077976194,-0.305967481618044
"115572","TENT5B",0.918794551728787,4.37980954101455,3.68295822552749,0.000478141745027294,0.0191856077976194,-0.408830081882456
"4919","ROR1",0.67116814902654,7.25566804697595,3.67793009482851,0.000485965225698537,0.0194441313600517,-0.491611393926258
"28952","CCDC22",-0.404531653175026,4.05642739644059,-3.67344868680211,0.000493040889892841,0.0195229224246575,-0.384329122187135
"4040","LRP6",0.429194525651241,5.43220163599921,3.67333033081738,0.000493229087535037,0.0195229224246575,-0.519922232333043
"7403","KDM6A",0.695177681452548,6.56408557756437,3.67325584914764,0.000493347555853148,0.0195229224246575,-0.541010678358337
"388341","LRRC75A",0.903625403719016,3.47620460664038,3.67292537010746,0.000493873533595434,0.0195229224246575,-0.308498806631277
"26057","ANKRD17",0.460337912033991,6.63964137688294,3.67230312375015,0.000494865329849668,0.0195229224246575,-0.54447828622819
"29072","SETD2",0.479886282335894,5.93923744204674,3.66904086666403,0.000500096212824824,0.0196403931116257,-0.548279886268362
"79830","ZMYM1",0.598626324030207,2.82613015478268,3.66869516107457,0.000500653618063232,0.0196403931116257,-0.298926083165161
"91461","PKDCC",1.07970402835206,5.53466083029416,3.66784524361929,0.000502026520887905,0.0196403931116257,-0.511191582536207
"84146","ZNF644",0.463167640514018,6.15282496747188,3.65882104944047,0.000516826942891688,0.0201634090406829,-0.582620893178351
"105376204","LOC105376204",1.35558535945825,0.22907354742044,3.65765192618536,0.00051877458734299,0.0201834842213775,-0.237309609716724
"10778","ZNF271P",0.362336383081169,4.73078640711141,3.65663186477658,0.000520479627143367,0.020194036001893,-0.510483473326109
"51763","INPP5K",-0.368180013145255,4.92344241115793,-3.65230978915367,0.000527763497525357,0.0204203876350196,-0.528980154329448
"463","ZFHX3",0.601671206666901,4.54310362892592,3.6514289881107,0.000529259764910928,0.0204221767917959,-0.498956409013013
"5290","PIK3CA",0.640566293068279,5.979580430884,3.64782885824476,0.000535417683022506,0.0206033405674562,-0.614547125832364
"144165","PRICKLE1",1.08112304944627,6.90944757395402,3.64510744426338,0.000540117867477722,0.02069736578476,-0.612469406842498
"285237","C3orf38",0.47312848839319,4.58763709213233,3.64471422702834,0.000540800242032922,0.02069736578476,-0.527204054978177
"23179","RGL1",0.698273106739273,6.14980175270652,3.64380273121563,0.000542385180817046,0.0207017693404533,-0.621966921850356
"2033","EP300",0.60155310896351,6.35739999679941,3.64108823569643,0.000547131513377439,0.0208264871200212,-0.638586945295879
"9854","C2CD2L",-0.606319153269678,4.80630369794822,-3.63411035056552,0.000559514860560795,0.0212404509329872,-0.582175787213472
"8445","DYRK2",0.608757057099719,6.33514351023492,3.63053960431942,0.000565954603545286,0.0214268301921124,-0.667702033613085
"220929","ZNF438",0.876327426017663,1.82226280766554,3.62970652409621,0.000567467172795933,0.0214268301921124,-0.33133648484394
"1106","CHD2",0.5645762875971,5.93724076365436,3.62562685849564,0.000574930156896988,0.021632770217424,-0.677564748634312
"5453","POU3F1",-2.72615743144729,1.8859779783306,-3.62461270447561,0.000576799826571126,0.021632770217424,-0.322178638071454
"55626","AMBRA1",0.460360134750412,5.34701417001818,3.6242179105369,0.000577529224776443,0.021632770217424,-0.648195658379991
"10423","CDIPT",-0.448478962050132,7.81385523533279,-3.6229275724371,0.000579919314286615,0.021664678043535,-0.657107071110809
"23185","LARP4B",0.455200387176043,6.24114956426998,3.62082184442849,0.000583840002551305,0.0217534460209857,-0.696899472791631
"55227","LRRC1",0.638643983660515,4.97907157207873,3.61836848502806,0.000588439808486334,0.0218475419494753,-0.621440532104076
"3741","KCNA5",1.55721306330325,5.04611699282412,3.61782263829878,0.000589467902641338,0.0218475419494753,-0.642982526786297
"27327","TNRC6A",0.419056333819329,5.76785083739465,3.61686596470985,0.000591273912680445,0.0218569600687438,-0.70013451087685
"147687","ZNF417",0.670844347276402,2.88330523346366,3.61509225582921,0.000594636280350525,0.0219237103991016,-0.441359444213754
"23150","FRMD4B",0.996224187709116,5.69698387540869,3.61424831774648,0.000596242497279431,0.0219255335030901,-0.706939490145952
"22890","ZBTB1",0.432514174454408,5.33443389436597,3.6118389842409,0.000600850813355657,0.0220374553523465,-0.687992992208776
"550631","CCDC157",-0.680682243389064,0.57536607877951,-3.59785745063802,0.000628270163995906,0.0229832649083593,-0.396437798154758
"90627","STARD13",0.937808437839099,3.97159374846326,3.59456952974176,0.000634889046925872,0.0231652262614093,-0.608435175401925
"1849","DUSP7",0.765694404531113,4.89038865902085,3.59076026513577,0.000642640457494845,0.0233514676783125,-0.682648381101775
"55892","MYNN",0.642423351336684,4.4276515568012,3.58982341407557,0.000644560598378265,0.0233514676783125,-0.664437938883849
"8629","JRK",1.04978095449476,3.58810211844395,3.58962527137452,0.000644967404633879,0.0233514676783125,-0.554686898833173
"284023","RNF227",0.900575465214678,0.70337447194031,3.58730279838577,0.000649753926170739,0.0233989548737347,-0.42987898448729
"153222","CREBRF",-0.946321657316646,4.94337562927493,-3.58667714742888,0.000651049137166723,0.0233989548737347,-0.707193929148573
"3607","FOXK2",0.394056684024111,5.96736699704485,3.58657387909197,0.000651263157519453,0.0233989548737347,-0.795334281430693
"57507","ZNF608",0.993950407449812,4.83259019002941,3.5849955037508,0.00065454263584558,0.0234569427054686,-0.719529358778164
"26811","SNORD55",-1.11277329206077,0.195560573310989,-3.58275254823778,0.000659229998920039,0.0235458270773,-0.437610731195365
"9181","ARHGEF2",0.489770035910973,5.83003162364343,3.58221100945392,0.000660366493576647,0.0235458270773,-0.803082212107796
"440515","ZNF506",0.916675789743749,2.52289142871918,3.57564662132279,0.000674291913900919,0.0239557489553317,-0.529212487818802
"23144","ZC3H3",0.453880656912309,4.59294439212207,3.57505339583788,0.00067556403262704,0.0239557489553317,-0.729379741784575
"10370","CITED2",0.75020620207725,7.25020865999061,3.57440088312351,0.000676965924753053,0.0239557489553317,-0.832675119352364
"162972","ZNF550",-0.705555217392418,3.88305940611861,-3.57262470570563,0.000680795992174528,0.0240309041448272,-0.679510044810116
"79891","ZNF671",1.07746713742588,2.50700686126588,3.56035916039225,0.000707813091105066,0.0248302495723935,-0.569391039752563
"51455","REV1",0.498042833650338,5.18185909359176,3.5602402938686,0.000708079838519656,0.0248302495723935,-0.820199270539093
"5629","PROX1",1.10433229183877,5.32401539631663,3.55995052927343,0.000708730497593168,0.0248302495723935,-0.806974838103773
"55105","GPATCH2",0.489089437728489,3.853876207465,3.55751406520091,0.000714224052806454,0.0248899664204087,-0.708350108632676
"353088","ZNF429",0.622482252271542,2.23819290612242,3.55654670713676,0.000716416389459998,0.0248899664204087,-0.549157195441611
"9698","PUM1",0.35954322320728,6.62864354168776,3.55623288907159,0.000717128973265415,0.0248899664204087,-0.892143201962215
"79898","ZNF613",0.770673199080034,2.30218803682785,3.5560678474395,0.000717504002178781,0.0248899664204087,-0.571785580695143
"56957","OTUD7B",0.577576646754702,4.63611373471871,3.55305576754698,0.000724381287962059,0.0249241602560443,-0.794293206914786
"51259","TMEM216",0.829696401781995,1.50614196366689,3.55288853741981,0.000724764944386093,0.0249241602560443,-0.54666302739412
"11102","RPP14",0.569975312056337,4.84971960716213,3.55246514498456,0.000725737147877595,0.0249241602560443,-0.833990093068465
"10052","GJC1",0.572052332589735,6.16595757038641,3.55207613145478,0.000726631502670637,0.0249241602560443,-0.90079905637399
"1859","DYRK1A",0.643392818564435,6.31255479218493,3.55176910574672,0.000727338104603394,0.0249241602560443,-0.901551458088391
"27184","DISC2",1.30757617438399,1.71626216279277,3.54699842970873,0.000738401834044091,0.0252418724045558,-0.619042893054399
"26148",NA,0.809370582550111,1.9841640660258,3.54569244182396,0.000741458347347236,0.025284986353604,-0.596699108368967
"441478","NRARP",-0.853953300720055,2.26763954790931,-3.53363295704008,0.000770256129164679,0.0261639259301674,-0.644488867895286
"116984","ARAP2",1.02211162892808,3.54518821676573,3.53334859832714,0.000770947831654323,0.0261639259301674,-0.729814943760532
"9874","TLK1",0.410695626738389,5.46812671266876,3.53145787381733,0.000775562050151985,0.0262572497940879,-0.940532356865849
"55699","IARS2",-0.359553509027263,8.08337599168778,-3.52937775166264,0.000780668795479745,0.0263667609485293,-0.911926529960245
"339559","ZFP69",0.840405770428853,1.1992354751303,3.52757293752193,0.000785125523663671,0.0264509767938567,-0.603589789286784
"201627","DENND6A",0.372765754977095,4.44745250305944,3.52684961611657,0.000786918437704201,0.0264509767938567,-0.853773802673084
"79145","CHCHD7",-0.758751111249899,5.35803224515573,-3.52211978019755,0.000798738621624389,0.0267843684451379,-0.951356599214365
"152485","ZNF827",0.47294481841634,5.44957087380857,3.51932163903369,0.000805810563315703,0.0269573301038916,-0.962021490079998
"9028","RHBDL1",-1.17412383648482,1.78001652509058,-3.51672069653146,0.000812437408373286,0.0271146172026762,-0.657338947238575
"100630918","PARTICL",-1.08554962679188,1.32827418899201,-3.50967798875893,0.000830642048072212,0.0276566491845131,-0.655985425650026
"5128","CDK17",0.455923149463384,5.78292170343041,3.50310471316813,0.000847982156513332,0.0281094642171099,-1.01378046653277
"9166","EBAG9",0.448994106324515,3.53486167947007,3.50301033077771,0.00084823361916158,0.0281094642171099,-0.833255681010662
"26048","ZNF500",0.56090112778539,2.86513893738453,3.49854019844887,0.000860224774040768,0.0284399195248596,-0.773430594132327
"889","KRIT1",0.335194390102697,4.56726051656238,3.49399722402136,0.000872576065622971,0.0287698430288699,-0.960128064572627
"8790","FPGT",0.822205012852428,3.10491185691238,3.49337183847353,0.000874289464382017,0.0287698430288699,-0.821811866749344
"54471","MIEF1",0.375583056617379,5.92994596816687,3.4905974477433,0.000881929168035679,0.028919711106409,-1.0761674615286
"83667","SESN2",-0.600265792131244,7.01912496210995,-3.49022825225296,0.000882950566299052,0.028919711106409,-1.08359372125377
"6498","SKIL",0.567242493734083,6.3884408462879,3.48937501121878,0.000885315397571968,0.0289298887689179,-1.08465386905917
"152518","NFXL1",0.540072164678475,2.97418175562202,3.48212973991758,0.00090563988147558,0.0295255372469955,-0.84048539453789
"7775","ZNF232",0.646260746312867,2.41904071277386,3.48051460597764,0.000910230612699001,0.029549335113095,-0.792956679399607
"10614","HEXIM1",-0.798582365253979,6.19736947245674,-3.48039691402922,0.000910565992550642,0.029549335113095,-1.10843674371507
"677","ZFP36L1",0.998783873602512,7.5994394748982,3.47814052307106,0.00091701860764725,0.0296693087818917,-1.09616669230472
"6428","SRSF3",0.937406269284939,6.89491269697581,3.47763291279323,0.000918476187795001,0.0296693087818917,-1.10769194220985
"54926","UBE2R2",0.304616275226203,6.46283874028341,3.4748256720927,0.000926576813201522,0.0298290619555041,-1.13132813015365
"29994","BAZ2B",0.504571565215212,5.2532618866237,3.47445290311149,0.000927657564364584,0.0298290619555041,-1.06844877177219
"345462","ZNF879",0.986876138136411,1.46370276124046,3.47100055371335,0.000937723758350293,0.0300329682654766,-0.768334600621573
"4170","MCL1",0.513638080785996,7.98147794521015,3.47081636527275,0.000938263706106908,0.0300329682654766,-1.1116763618764
"340527","NHSL2",0.757113360179785,3.19784807961662,3.46816973568607,0.000946054917472168,0.0302136903802223,-0.898925782891705
"27433","TOR2A",-0.673515875274846,3.19272772364303,-3.4614432817985,0.000966133401173246,0.0307851195070679,-0.921051254138497
"2120","ETV6",0.679911403393027,4.19229801438691,3.45792987799643,0.000976780866049892,0.0309955393813313,-0.995020137670561
"85028","SNHG12",-0.858835752755093,1.70082249692559,-3.45781247885926,0.000977138560445265,0.0309955393813313,-0.812513790295302
"84662","GLIS2",0.554183780083227,5.10873240726591,3.44837185480879,0.00100631236787708,0.0318492210992827,-1.13101653449207
"9443","MED7",0.676764104919935,3.02038121859403,3.44173340736697,0.00102731892563532,0.0324411653557125,-0.957813017759459
"9441","MED26",-0.595643160725302,3.72706444560857,-3.43479779280269,0.00104970915909672,0.033074057710779,-1.05859313736057
"65094","JMJD4",0.6752102234369,3.26872125087239,3.43147125517031,0.00106061147219994,0.0333429731572856,-0.986068293885415
"84503","ZNF527",1.05849512873507,2.56045927068778,3.42970948114983,0.00106642881162294,0.0334511879351837,-0.93477629060899
"163786","SASS6",0.752511287266709,1.92179560310494,3.42883072461016,0.00106934172720341,0.0334680197465173,-0.923976150594621
"1491","CTH",-0.785573296323107,1.91628339681454,-3.42786224018841,0.00107256080024518,0.0334943377176344,-0.929965611228464
"84878","ZBTB45",0.634276943554131,4.54434210713826,3.42492412663339,0.00108238280660475,0.0336668954934722,-1.16405368747022
"10927","SPIN1",0.28683000782577,6.36816890480464,3.42477983864093,0.00108286734298089,0.0336668954934722,-1.27584006886813
"22928","SEPHS2",-0.463545250260143,6.07445765328887,-3.42336548344368,0.00108762780137415,0.0337404184021003,-1.27465603412035
"4204","MECP2",0.423965355879175,5.00282283168277,3.4219742485713,0.00109232976424986,0.0338118074718572,-1.21820841783743
"7644","ZNF91",0.604685250118023,4.19231503513472,3.41920739175613,0.00110173816846202,0.0340282464136382,-1.1455307558209
"4088","SMAD3",0.724705948112058,6.41864453478877,3.41544932083889,0.00111463998653063,0.0343513994973686,-1.29637694752265
"23414","ZFPM2",0.512711733700764,4.83989285194991,3.4115702595239,0.00112810706313235,0.0346382733463325,-1.24017822853362
"58486","ZBED5",0.628426600334176,5.62587882528188,3.41135258111815,0.00112886732930748,0.0346382733463325,-1.27278044693608
"353355","ZNF233",0.800928559770642,0.908138530663498,3.40975925948199,0.00113444696326383,0.0347338065882779,-0.915082924576933
"80317","ZKSCAN3",0.693248757417076,2.98364919116996,3.40520835775233,0.00115052776635566,0.0351497463369915,-1.05709989353052
"9021","SOCS3",1.17096935266108,4.60303689384939,3.40119054287899,0.00116490389450965,0.0355119187235367,-1.16395061656468
"84133","ZNRF3",0.545426908760114,4.59443630591444,3.39916317943477,0.00117222233631972,0.0356578388439028,-1.23060759799383
"10747","MASP2",-1.07093194684016,0.503899602181094,-3.39744379059526,0.00117846310004812,0.0357704187523226,-0.942917657561308
"22866","CNKSR2",0.660416219200264,2.91520348279144,3.39527094492574,0.00118639470160949,0.0359337268332648,-1.08740076865423
"83607","AMMECR1L",0.353408042631309,5.74859144875868,3.39449550550629,0.00118923751392249,0.0359425346482496,-1.34596231437165
"170954","PPP1R18",0.855806274346806,5.877708559829,3.37992355124906,0.00124387212727595,0.0375132656114657,-1.38124785851621
"5915","RARB",0.566882569270713,3.85467036414591,3.37895796531457,0.0012475749692452,0.0375278557327654,-1.22146276981841
"89887","ZNF628",0.580259063674601,2.99197640905704,3.37840893105462,0.0012496850567074,0.0375278557327654,-1.12421855164439
"22888","UBOX5",0.501824595081799,3.12342908658651,3.37750529715717,0.00125316531258383,0.0375522984307035,-1.13643912142561
"203414","LINC01560",0.920780628607818,0.988806752897146,3.37676885480924,0.00125600841932021,0.0375575850906704,-1.00322760525833
"3720","JARID2",0.670647634212049,4.64245521285038,3.37206766874793,0.00127430196070439,0.03802387460712,-1.32216857904933
"25841","ABTB2",0.619988121528744,6.27163866411798,3.36988874866252,0.00128286582869096,0.0381820731757523,-1.42521210647994
"7539","ZFP37",1.54679702078015,0.392457837279154,3.36934136605095,0.00128502575158382,0.0381820731757523,-1.01211746154671
"79753","SNIP1",-0.534881965681572,4.11609795358506,-3.36766507503931,0.00129166163767297,0.0382984473789182,-1.29280461014826
"55252","ASXL2",0.466277238954716,5.36487229676356,3.36594924516078,0.00129848756515194,0.0384199556042015,-1.39807180162703
"7335","UBE2V1",0.834130400316965,0.307234312685155,3.36255298727363,0.00131209918605331,0.0387413101391507,-1.02979674499966
"23469","PHF3",0.63131449380534,6.08620598477418,3.36112318445036,0.00131786980986208,0.0387664597876627,-1.44777176713229
"140883","ZNF280B",0.890885780216422,1.90304893158465,3.36035095955449,0.00132099643796427,0.0387664597876627,-1.13806146263541
"342945","ZSCAN22",0.551775636098173,2.0153957886302,3.3602986430837,0.00132120851307002,0.0387664597876627,-1.09743742474702
"6877","TAF5",-0.711708925096192,2.71705954753602,-3.35909864941951,0.00132608176024808,0.0388285561566193,-1.16502689396661
"3399","ID3",1.27959994851939,4.93631652276767,3.35806936638831,0.00133027526164161,0.0388705327488806,-1.2932990559396
"8444","DYRK3",0.673640292801402,2.70578248724933,3.35496241714303,0.00134300967050068,0.0391613834354692,-1.13398135343463
"101752400","CAPN10-DT",-1.10070040432155,1.36745022394301,-3.350826738704,0.001360139179747,0.0395789260486708,-1.08063342604569
"2668","GDNF",-2.63065790068118,0.496726132409182,-3.34960924674462,0.00136522106299176,0.0396448937137648,-1.06134217418785
"727851","RGPD8",0.408262445889191,5.72376025509446,3.3476180286981,0.00137357117720269,0.039805301357454,-1.47864486968596
"158257","LINC02603",1.10026577436456,-0.0251150536496914,3.34261729358076,0.00139475469692231,0.040336191276086,-1.07999185381054
"254427","PROSER2",1.17764183725223,4.43283797621726,3.34134319502957,0.00140020096468705,0.0403986369817072,-1.34968257900684
"23174","ZCCHC14",0.474227891982944,5.81668164354243,3.34077161198191,0.00140265077279571,0.0403986369817072,-1.49148362417424
"27005","USP21",0.443885205242307,3.50069511700562,3.3356145509973,0.00142493759570988,0.0409193546812423,-1.29594243678441
"2960","GTF2E1",0.440653435358768,3.92345965325085,3.33524647693041,0.00142654097901803,0.0409193546812423,-1.33102211960918
"9202","ZMYM4",0.365899375430089,6.02328611489061,3.33400965136796,0.00143194124840797,0.0409557967176532,-1.52956307006611
"7343","UBTF",-0.63972903725871,6.63291364719771,-3.33303617134224,0.00143620524915161,0.0409557967176532,-1.53107705878588
"84962","AJUBA",0.563003068036897,6.90324735807603,3.33296092712427,0.00143653532934683,0.0409557967176532,-1.53494937008169
"51067","YARS2",-0.342828912517963,5.03107891094156,-3.33138698994554,0.00144345628236585,0.0410699763249305,-1.4851690989799
"324","APC",0.495122290932262,5.98472577408286,3.32929818405365,0.00145268981410457,0.0411773865365617,-1.54386456532024
"9020","MAP3K14",0.689988276593135,2.33939345211694,3.32921047439761,0.00145307874955064,0.0411773865365617,-1.20373841305196
"167691","LCA5",-0.641640045090188,2.93314807153629,-3.32647405596402,0.00146526244698333,0.0414392696853679,-1.25151446733203
"3014","H2AX",0.57122708449105,5.0675691034068,3.32229778520186,0.00148404288504667,0.0418862925711368,-1.52912216498402
"9686","VGLL4",0.467950953644822,4.59020390513234,3.31891804874887,0.00149940731666562,0.0422353052958372,-1.46703041268248
"5428","POLG",-0.503543715556824,6.23213892636409,-3.31704988954123,0.00150796429902198,0.0423198695515305,-1.57933868531543
"85464","SSH2",0.778119729708107,6.27777170081872,3.31623284742249,0.00151172116248319,0.0423198695515305,-1.58097693356148
"60313","GPBP1L1",0.331038304647606,5.97011883756842,3.31567202817114,0.00151430498654286,0.0423198695515305,-1.57391431953328
"64708","COPS7B",0.343572202486541,4.26534504882869,3.31564519196986,0.0015144287314663,0.0423198695515305,-1.43239942915515
"54531","MIER2",0.619663771911351,4.87954209133596,3.31148541279667,0.00153372567231533,0.0427742423146319,-1.50562083940514
"55783","CMTR2",0.559771838705137,5.10362511953956,3.30744129694573,0.00155270809457347,0.0430760578613489,-1.53713181410277
"7554","ZNF8",0.658454176850102,2.24640092347128,3.30733312904408,0.00155321884512028,0.0430760578613489,-1.25635538181363
"148213","ZNF681",-0.721387211474592,1.19853835172951,-3.30722635085876,0.00155372318897794,0.0430760578613489,-1.21217002585116
"51276","ZNF571",0.864734985475988,0.685602085104603,3.30397266359382,0.00156916550161189,0.0434187169444044,-1.18494195910962
"7988","ZNF212",0.694970471490287,2.80366249151515,3.303150520803,0.00157309030038887,0.0434419682170134,-1.30365792452107
"694","BTG1",0.515458087550191,7.02065684276892,3.30106214311065,0.00158310157149351,0.0436328816691088,-1.62686721859705
"6940","ZNF354A",0.495081192466659,3.39675593826706,3.29294742542512,0.00162257465191716,0.0446334792921901,-1.40954269934812
"2310","FOXO3B",0.499328571775398,3.74166166556267,3.28751345594278,0.00164952390074345,0.0452863442847382,-1.44535238234154
"254225","RNF169",0.610846707305662,3.54674471215949,3.28413081073473,0.00166651210608629,0.045663728603345,-1.44013966090452
"3660","IRF2",0.755925791564369,3.15760760444038,3.28131967898655,0.00168075529467262,0.0459645778061537,-1.38021781721163
"4616","GADD45B",-0.79787104048035,6.08178109436157,-3.28017017170812,0.00168661246844367,0.0460016409755565,-1.67790985533853
"56970","ATXN7L3",0.30627354808447,6.13437554604012,3.27977253915885,0.0016886430264387,0.0460016409755565,-1.68197049051783
"7469","NELFA",0.324424947530152,4.5200851037059,3.27699782799603,0.00170287662006858,0.0462998345888917,-1.58594083684159
"84447","SYVN1",-0.68503774573303,5.53306744458982,-3.27606107380689,0.00170770739063381,0.0463417165504559,-1.67734144645032
"79733","E2F8",0.91866387571678,4.12194694298465,3.26887223366266,0.00174521138618472,0.0471974012169356,-1.51319660785151
"8526","DGKE",-0.810328175851142,3.02705340737704,-3.26873365195073,0.00174594192232487,0.0471974012169356,-1.44873941278915
"202018","TAPT1",-0.403368717322435,5.60352669561978,-3.26758409125724,0.00175201295835256,0.047270786408884,-1.688647953971
"10672","GNA13",0.396027629405376,5.85309071093678,3.2656836686972,0.00176209301950452,0.0474518510261983,-1.70266279726224
"7579","ZSCAN20",1.03207177607092,2.29909583817884,3.26238848864098,0.00177970050151297,0.0478345455406653,-1.36056424680552
"2736","GLI2",1.60658262204179,3.52627038791541,3.25778596449637,0.00180457089243866,0.048410621807821,-1.46909859096903
"3659","IRF1",-1.2984826702882,3.70357381953611,-3.25637909908459,0.00181223809691456,0.048523880906739,-1.52077841833518
"57335","ZNF286A",0.556499475464034,3.85937875771261,3.2545127423394,0.00182245675708767,0.0486329364879047,-1.56419509472661
"7516","XRCC2",1.21896184371596,0.00138225031351569,3.25437425479507,0.00182321715887629,0.0486329364879047,-1.31060286253421
"100302401","RASAL2-AS1",-0.785083185539371,2.02082133525711,-3.25030512994616,0.00184569340154691,0.049083883238707,-1.38875439687992
"283991","UBALD2",-0.577438990310194,4.8681288759245,-3.25005328506678,0.00184709302162132,0.049083883238707,-1.68354377374611
"286097","MICU3",0.774861811659999,2.70212888589022,3.24819031575725,0.00185747745798844,0.049266878565554,-1.45752120105613
"100506472","LOC100506472",1.13080536776059,-0.00658485345303263,3.24475550068323,0.00187676763967015,0.0496849538291624,-1.33066028371209
