"sigVEP3.ENTREZID","sigVEP3.SYMBOL","sigVEP3.logFC","sigVEP3.AveExpr","sigVEP3.t","sigVEP3.P.Value","sigVEP3.adj.P.Val","sigVEP3.B"
"5514","PPP1R10",1.66626408913763,5.626744910146,7.97254138276024,3.78113289054373e-11,4.23826474205248e-07,15.0305821430441
"284406","ZFP82",1.46459743472416,2.19065478578069,7.85762268233992,6.01855260160817e-11,4.23826474205248e-07,13.6978575266523
"4690","NCK1",0.596846402194703,4.26063857492032,7.34308942122772,4.82262620263836e-10,1.85444672109251e-06,12.5595059251072
"1385","CREB1",0.771218734798863,5.06370564928723,7.27052845937677,6.46527737787519e-10,1.85444672109251e-06,12.3708628181492
"57547","ZNF624",1.37782103381927,1.55836134971468,7.26604070955675,6.5835228667016e-10,1.85444672109251e-06,11.3363312722608
"4899","NRF1",0.782155829904727,3.24796272112543,7.08203656972254,1.38327782363199e-09,2.59886114382741e-06,11.3833457750826
"7716","VEZF1",0.764801684342936,4.96003690116036,7.07197405033151,1.44053965121546e-09,2.59886114382741e-06,11.6041317537881
"10221","TRIB1",1.81843017468452,6.26322750539779,7.06590606038937,1.4762062731198e-09,2.59886114382741e-06,11.6184975603539
"5193","PEX12",1.16972797700548,3.12005349048709,6.89835840604007,2.89803043733903e-09,4.53509563105365e-06,10.6308857466886
"162239","ZFP1",0.964398550445212,3.34990931629238,6.82048624439938,3.96292058206768e-09,5.58137734778412e-06,10.4279156995701
"114821","ZBED9",1.34665312125042,2.4336762277658,6.7327803310968,5.6347369987457e-09,7.21451235366677e-06,9.8775736332763
"23394","ADNP",0.734720025301016,6.64257307707577,6.44787809329244,1.76001563224017e-08,2.06567168037255e-05,9.27613789945893
"284309","ZNF776",0.938335677182687,3.82367756695441,6.36497129702636,2.44803956485278e-08,2.65216840241435e-05,8.88465326686588
"7705","ZNF146",0.717750140316978,5.91720527532027,6.33459624876712,2.76209744874872e-08,2.77867003344121e-05,8.84815896327308
"10140","TOB1",1.02366670113887,5.37294931689944,6.1615153458968,5.48311264327229e-08,5.09491159961571e-05,8.18992147077735
"51278","IER5",-0.923431819245383,5.94729948000738,-6.14781374130369,5.78802794616951e-08,5.09491159961571e-05,8.14428033679462
"23642","SNHG1",-1.34314284834867,5.35127435968601,-5.95729840305482,1.22505116972421e-07,0.000101491886319975,7.43330500431619
"7707","ZNF148",0.654727527596772,5.59868104429151,5.87382164538943,1.69856846134312e-07,0.000132903545608647,7.12594330847343
"26512","INTS6",0.846679314257445,4.59219718687425,5.76601238411048,2.58609517635946e-07,0.000191697707704456,6.71741554727537
"3337","DNAJB1",0.750483705672928,6.11426190249596,5.75267462937759,2.72376561429725e-07,0.000191807574558812,6.67730760052663
"9304","SNORD22",-2.02449694033898,1.20095489637022,-5.70505144465415,3.27705921241455e-07,0.000219781437845936,6.00064336432092
"27245","AHDC1",0.910724695688313,5.8092415307381,5.68817958456615,3.49860495742495e-07,0.000223974328274422,6.44204557791618
"84872","ZC3H10",1.00128168854201,2.25175552571295,5.54871714325024,5.99562641508702e-07,0.000367140880130807,5.70893107693223
"60468","BACH2",1.366276562534,3.98846581762416,5.50585241481283,7.06969163858133e-07,0.000414873070990748,5.76538113257872
"168451","THAP5",0.759762746291433,4.49061901397815,5.3976403007106,1.06984563443688e-06,0.000602708236616359,5.39155501626306
"54925","ZSCAN32",0.601461644509774,3.43969950502764,5.35234987396262,1.27143321274549e-06,0.00068872559108875,5.19511983259913
"8690","JRKL",0.933983202742387,3.06727005343621,5.32527266330943,1.40935354661519e-06,0.000729015016744495,5.04591667069547
"51193","ZNF639",0.797889175430918,4.43869467566575,5.31226971705676,1.48071776674491e-06,0.000729015016744495,5.08990020315293
"147949","ZNF583",1.0425096417783,1.95392123893609,5.30866978917721,1.50109595893144e-06,0.000729015016744495,4.87619262777528
"54971","BANP",0.768560167754814,3.21456175748568,5.1958931634024,2.29983060708777e-06,0.00107969380900747,4.60540085697423
"79692","ZNF322",0.611194012632517,4.05744511410844,5.16975350192904,2.53775557884015e-06,0.00115295966362531,4.58436416462847
"22822","PHLDA1",1.32873991365455,7.11388820734616,5.1067702185242,3.21481949860042e-06,0.00141492243182151,4.34494796861757
"339324","ZNF260",1.16369552915959,3.77450081317623,5.05235265047814,3.94035432734172e-06,0.00168169546503881,4.17288162838738
"149483","CCDC17",-1.94339947409184,0.0612077236384548,-5.01419063115063,4.5426479243297e-06,0.00183847442130987,3.56942344843853
"7565","ZNF17",1.145410185868,2.26172756487624,5.01264982569965,4.5687734127979e-06,0.00183847442130987,3.92561347896101
"29998","BICRA",0.839535623191866,3.33793142066892,4.98969516854222,4.97587953949565e-06,0.00194667465095157,3.94244544019925
"55904","KMT2E",0.732082806371176,5.46776255613416,4.9773341626744,5.20961879491372e-06,0.00198303435425851,3.89460933273894
"8603","FAM193A",0.842898724727983,4.74252353852065,4.96025728905638,5.55031395149636e-06,0.00203789210934399,3.85672705934431
"6310","ATXN1",0.599340257301441,5.85668461223699,4.95398344318364,5.68088636484843e-06,0.00203789210934399,3.80585958984997
"79142","PHF23",0.522585508321601,5.74288952746455,4.94894964892611,5.78782195212721e-06,0.00203789210934399,3.79037138400875
"389677","RBM12B",1.02198478833516,4.28419672392849,4.90941315422271,6.69913207489698e-06,0.00230123356445973,3.68603858402737
"257236","CCDC96",-1.02575296770739,2.2590611856208,-4.889161945943,7.21889458291281e-06,0.00237415621819516,3.51299926945517
"7770","ZNF227",0.669425934769362,3.30245749764673,4.88804959331911,7.24855988230557e-06,0.00237415621819516,3.60016856306676
"283219","KCTD21",0.962283924725925,3.68593999705992,4.87598147853331,7.57817134904616e-06,0.00242570375636287,3.56907599414289
"51307","FAM53C",-0.780465091555424,6.45787452867587,-4.81861793803527,9.35641406703882e-06,0.00292834968267055,3.33630997241453
"4800","NFYA",0.853340901886828,4.36932982488225,4.78050717119867,1.07570482807434e-05,0.00329352756491284,3.24611967988819
"7543","ZFX",0.619551066746209,5.40827145706574,4.77222893937065,1.10873422244989e-05,0.00332242825297538,3.18821197102572
"7733","ZNF180",0.876150385272656,3.029766497182,4.70261329012664,1.42861719725976e-05,0.00411909340524142,2.96802825101124
"84441","MAML2",1.27590118643249,4.14414615042831,4.70175330766862,1.43308418671421e-05,0.00411909340524142,2.98399674061914
"25836","NIPBL",0.520300034504307,6.25010472360422,4.67585688060361,1.57416992168707e-05,0.00443412183540815,2.84416813134191
"3981","LIG4",0.605165417942464,5.20115165365685,4.66347815354803,1.64631092020955e-05,0.00454640058828066,2.82655297372482
"80205","CHD9",0.748425713292132,5.78730425804204,4.64848767414787,1.73799785754533e-05,0.00455731391092636,2.76238118769818
"57459","GATAD2B",0.708036397084369,5.02819191814826,4.64702274368793,1.74722047019163e-05,0.00455731391092636,2.77702734899554
"4092","SMAD7",0.867563588758919,5.22503482218347,4.64357231537277,1.76913195299933e-05,0.00455731391092636,2.76901211345525
"132949","AASDH",0.730814495939711,3.03178746357706,4.6419237749847,1.77969515124219e-05,0.00455731391092636,2.77850497495416
"7693","ZNF134",0.630777798045194,3.65008583210636,4.6272976239758,1.87614679159854e-05,0.00471850918087033,2.74005590261473
"23269","MGA",0.727245506566933,5.15630857832874,4.61525677712304,1.95935732606434e-05,0.00484133132987546,2.66398183377065
"117143","TADA1",0.642570801684573,3.45854298304874,4.59998928194732,2.07005133831869e-05,0.00502665569808284,2.64986771152066
"23211","ZC3H4",0.649097262431781,4.67122879109552,4.56624856411133,2.33672765960879e-05,0.00557804616236104,2.52329060881756
"54936","ADPRS",-0.396727353876212,4.98504639526538,-4.55558808978134,2.42773485303706e-05,0.00569870294502899,2.46862533348298
"147694","ZNF548",0.717407287664999,2.90712943877382,4.54099928911825,2.55788974678176e-05,0.00590579003174989,2.44621880780704
"9530","BAG4",0.688002496698255,3.88111259844792,4.46485591339691,3.3553923002123e-05,0.00762215244454678,2.20512245945379
"26009","ZZZ3",0.48529559803556,5.12724102311754,4.44602028690354,3.587262958248e-05,0.00791149510210987,2.09761519708594
"79866","BORA",1.09344911692508,0.66013245940598,4.44540353212277,3.59511279845947e-05,0.00791149510210987,2.00974918371625
"163081","ZNF567",0.722113785344012,2.47582700865529,4.42864957896679,3.81485219186732e-05,0.00826590434927066,2.07138351353712
"54439","RBM27",0.430188423152477,5.05522604092306,4.42431344252103,3.8738160578487e-05,0.00826648869071835,2.02488931010495
"4084","MXD1",-0.764060215927452,3.66633584606588,-4.4134196696229,4.02588506641772e-05,0.00846277093663093,2.04404331429675
"81629","TSSK3",-1.14597803578983,0.547898426756067,-4.39194944693173,4.34274869572559e-05,0.0089594872724618,1.7263011876844
"85459","CEP295",0.527328807280053,4.04604615086618,4.38891692433539,4.38941083356905e-05,0.0089594872724618,1.94185844673784
"157638","LRATD2",1.11792007821814,7.09096932299011,4.37845595294708,4.55414118183849e-05,0.00916293205785905,1.85505080653818
"55602","CDKN2AIP",0.750162697916781,5.29041965451913,4.36527763535437,4.77021877166728e-05,0.00938874582893124,1.82071785507053
"7574","ZNF26",0.785462914718473,2.26736813566469,4.36352471233872,4.7996996569373e-05,0.00938874582893124,1.84372400148984
"90321","ZNF766",0.64551091615204,3.43852281178452,4.32651705876863,5.46499594890109e-05,0.0104322712054506,1.76714837355922
"57541","ZNF398",0.569405054446188,3.46275300479319,4.3246444397258,5.50093665359744e-05,0.0104322712054506,1.76016271782927
"3280","HES1",0.737559982556623,5.56376812019917,4.31809344206191,5.6284803311503e-05,0.0104322712054506,1.68197177942609
"9298","SNORD31",-1.51159476516118,0.0724002628111201,-4.31804387548524,5.62945620288445e-05,0.0104322712054506,1.52891709568344
"220359","TIGD3",-1.49156559316062,0.106596629017501,-4.31336497109361,5.72231720340177e-05,0.0104666383756767,1.44242714297564
"101928793",NA,1.92955487198661,0.0394814257716136,4.29472062868694,6.10731301116594e-05,0.0109033439500093,1.43121196330566
"9972","NUP153",0.529259354793537,5.42562984772815,4.29365600034649,6.13003855976884e-05,0.0109033439500093,1.58132883664468
"64864","RFX7",0.698850448291461,4.85169247191786,4.28905734568225,6.22914628854664e-05,0.0109033439500093,1.60986508754059
"25976","TIPARP",0.706340997017683,6.36934432261082,4.28714851092573,6.27073885224901e-05,0.0109033439500093,1.54840731082059
"26040","SETBP1",1.13121909012616,3.75065854217827,4.26577716125593,6.75516965325594e-05,0.0115054553869988,1.56931797727182
"55628","ZNF407",0.677022943400035,4.24788298701488,4.26287026611857,6.82379860359644e-05,0.0115054553869988,1.54034448677742
"83667","SESN2",-0.734771695167113,7.01912496210995,-4.258762702905,6.92192636763711e-05,0.0115054553869988,1.45889076667325
"4091","SMAD6",0.763287151004563,6.1758745167916,4.2578550942963,6.94379230257667e-05,0.0115054553869988,1.45431609892943
"114799","ESCO1",0.745904937155009,4.16245461413824,4.23427701547257,7.53584867024268e-05,0.012299183887188,1.45959337569374
"55914","ERBIN",0.484668358743039,6.30474976349842,4.23192655845425,7.59747939637428e-05,0.012299183887188,1.3690020325668
"284615","ANKRD34A",1.05908894142475,2.64689751656451,4.20988359719355,8.1997038130955e-05,0.013014345634573,1.39889393847179
"105373311","LOC105373311",-1.37428657433921,2.42090549041278,-4.20902538109706,8.22406107268529e-05,0.013014345634573,1.35485219060149
"162967","ZNF320",0.606873746332364,4.39908495416782,4.19301341283511,8.69154425199347e-05,0.0136013010272307,1.31004423168379
"7840","ALMS1",0.557078298564923,3.87501611704756,4.17915941945751,9.1166710473237e-05,0.0139221535247042,1.27594035837404
"6173","RPL36A",0.968004668702197,1.16962735366462,4.17448762856589,9.26451112494597e-05,0.0139221535247042,1.20139279995092
"4848","CNOT2",0.35210633998309,5.56457981476663,4.17130676019013,9.36649377239382e-05,0.0139221535247042,1.18391288472244
"51742","ARID4B",0.745594872896379,5.79517305097035,4.16922573265497,9.43380037271925e-05,0.0139221535247042,1.18499020709319
"151987","PPP4R2",0.46392144145566,4.76124567601499,4.16880345518212,9.44751501406788e-05,0.0139221535247042,1.21781374178823
"26148",NA,0.957681199439386,1.9841640660258,4.16750883974987,9.48968147097132e-05,0.0139221535247042,1.24978905983906
"84078","KBTBD7",0.704289257993636,2.9974183967139,4.16202151268109,9.67043525190081e-05,0.0140410732049248,1.25434399621199
"152518","NFXL1",0.645204002113693,2.97418175562202,4.15073470453142,0.00010052742880365,0.0144472276252102,1.21958399668755
"9937","DCLRE1A",0.699241811339328,3.11373941838429,4.14103220517842,0.000103930224255042,0.0147210526441843,1.18929176747935
"285349","ZNF660",0.898011790091509,1.14328811721871,4.13894977315497,0.000104674928818585,0.0147210526441843,1.11506885081765
"51542","VPS54",0.369821563225416,5.03155367307559,4.13417502977634,0.000106401945670474,0.0147210526441843,1.09041206809708
"5782","PTPN12",0.414622060553687,5.783255529769,4.13359474055972,0.000106613701342431,0.0147210526441843,1.06093071992146
"79660","PPP1R3B",0.902669089060394,5.11029680862681,4.11553844001519,0.000113409844715856,0.0154699585265382,1.03298165038983
"51735","RAPGEF6",0.625933166730518,3.85636742485927,4.11341949244011,0.000114234286194261,0.0154699585265382,1.08618003646181
"8733","GPAA1",-0.462783835308546,7.54606820805654,-4.10546063783188,0.0001173829036872,0.0157306737884443,0.982526408057666
"57659","ZBTB4",0.514275865541001,6.39751801156649,4.10295022471886,0.000118393313091103,0.0157306737884443,0.954459533504196
"6843","VAMP1",-0.972646212572797,2.28419906350365,-4.09441866197312,0.000121890273884904,0.0160439496952802,1.03474145177188
"7549","ZNF2",0.643855495008077,2.49948971283531,4.08497246035564,0.000125878385961348,0.0164154739618484,1.01380695356091
"9860","LRIG2",0.799919224063829,3.58596315674348,4.06321327951479,0.000135549600003277,0.0175145006095978,0.94339779254768
"7771","ZNF112",0.923739693757282,2.34209193190383,4.05427246286156,0.000139727807411751,0.0178902403598828,0.918077058758244
"7561","ZNF14",0.7627351201799,2.18552396026477,4.04120954815632,0.000146056277735434,0.0180983402432654,0.875115062600964
"7644","ZNF91",0.715177631631384,4.19231503513472,4.03884687516473,0.000147230022289083,0.0180983402432654,0.838864536764081
"221937","FOXK1",0.680041875836685,5.377429426939,4.03586147218087,0.000148726134643298,0.0180983402432654,0.765814015156765
"51426","POLK",0.468048289958145,4.30896703118699,4.03334848770972,0.000149996843990596,0.0180983402432654,0.816108124094463
"57551","TAOK1",0.456481025760248,6.7095488288396,4.03024308017548,0.000151581571824763,0.0180983402432654,0.724771821463459
"79830","ZMYM1",0.656460695887262,2.82613015478268,4.02896285305666,0.000152239572720652,0.0180983402432654,0.848449706319143
"79169","C1orf35",-0.572133541349293,4.08981363325588,-4.02800237047891,0.000152735039757666,0.0180983402432654,0.799177481320409
"10743","RAI1",0.602714221718493,5.92676244635155,4.02638556527828,0.000153572582787925,0.0180983402432654,0.718669707892428
"7584","ZNF35",0.51892183796467,3.1015298938139,4.02607220152996,0.000153735423653443,0.0180983402432654,0.835792163993542
"23138","N4BP3",0.972486829640151,4.22844890731234,4.02517340574125,0.000154203410195388,0.0180983402432654,0.785012227303306
"10773","ZBTB6",0.561296868769477,3.66716406674127,4.01831137666052,0.000157821855686357,0.0183699422767492,0.804202715143717
"9310","ZNF235",0.882626630452423,1.97799209315217,4.00624262113364,0.000164385198832726,0.0189770585275419,0.769753423317892
"112840","WDR89",0.681082641510107,3.1128692433813,3.98237050575093,0.000178150063214451,0.0202839211596242,0.704560282582913
"7016","TESK1",-0.636496156394797,5.34508368245768,-3.98164371179496,0.000178586070987887,0.0202839211596242,0.602022982920836
"889","KRIT1",0.37971118833429,4.56726051656238,3.97821055807602,0.000180659559078868,0.0203552738405342,0.633180589252239
"196528","ARID2",0.516058982568373,5.06692083019827,3.97345837972316,0.000183567947484553,0.0204240277902977,0.583396792637632
"152815","THAP6",0.505402995851621,3.55059326334518,3.97248356511862,0.000184170088708308,0.0204240277902977,0.669337766967751
"115560","ZNF501",1.40839466809767,0.0683098584213808,3.96994148572545,0.00018574927935539,0.0204382253940728,0.540057166455306
"9859","CEP170",0.481160646783978,6.44392428680886,3.94973529509615,0.000198773466014623,0.0215865060657083,0.472295556185742
"84133","ZNRF3",0.632882595290725,4.59443630591444,3.94901943968138,0.000199250624008952,0.0215865060657083,0.545784005467125
"5914","RARA",0.819779072094143,5.08641072108059,3.94217203974193,0.000203870803076351,0.0218585629259073,0.478051974361583
"152485","ZNF827",0.527885668526194,5.44957087380857,3.94071689205993,0.000204865826911372,0.0218585629259073,0.470112584494951
"55814","BDP1",0.581190103532233,5.47209975254898,3.93405572614343,0.00020948061502654,0.0221828946017578,0.445800418122756
"10023","FRAT1",-1.53576647544443,2.59995624117939,-3.9239818589102,0.000216650012091552,0.0227487940224151,0.532718486602838
"121536","AEBP2",0.532034282426123,4.36134336978144,3.92204522914794,0.000218055040686313,0.0227487940224151,0.47962912634338
"79027","ZNF655",0.426920717546921,5.73159231884346,3.9143446150251,0.000223728968434142,0.0231691087604887,0.373886808462918
"9874","TLK1",0.452937634806403,5.46812671266876,3.91071109419494,0.000226455201789753,0.0232802559270576,0.367008061729556
"324","APC",0.576292239665689,5.98472577408286,3.88224525322023,0.000248945368843365,0.0252346978044424,0.265399586966274
"51043","ZBTB7B",0.48832723222783,4.78512759195131,3.8820622305901,0.000249096683385058,0.0252346978044424,0.313991540928428
"27327","TNRC6A",0.447357159343293,5.76785083739465,3.87553198816655,0.00025455372666241,0.0252346978044424,0.249859056662365
"170082","TCEANC",1.00846727391184,1.06292351005801,3.8753951614014,0.000254669285213623,0.0252346978044424,0.312979604198678
"80095","ZNF606",0.984749581118107,3.36326903998771,3.87504074965258,0.000254968841721619,0.0252346978044424,0.38297289607161
"23506","BICRAL",0.634875308648909,3.50930348259121,3.87356818543098,0.000256217110624486,0.0252346978044424,0.373777675312714
"55105","GPATCH2",0.528663402617125,3.853876207465,3.86861707315526,0.00026045724375896,0.0254741654243138,0.335257843055284
"79094","CHAC1",1.11368741969511,1.99388006146481,3.85933805676723,0.000268585822314656,0.0260467026411846,0.346002617974386
"388558","ZNF808",0.813882036808668,1.9564959337418,3.85774028476586,0.000270009839932757,0.0260467026411846,0.333699986522865
"8028","MLLT10",0.511800864088578,4.70908972689093,3.84959911982838,0.000277378866230255,0.0265755370883463,0.228562671568159
"11218","DDX20",0.457766327463822,4.66839051481796,3.84017653995512,0.000286148645635571,0.0270989055638798,0.17833358300693
"56905","C15orf39",0.666455205837587,4.70158044310534,3.83872101802422,0.000287526815923389,0.0270989055638798,0.191286732497344
"23414","ZFPM2",0.574945348431216,4.83989285194991,3.83757780558026,0.000288613734349757,0.0270989055638798,0.176384432123584
"359948","IRF2BP2",0.655138836217064,6.34275888695446,3.83498532732126,0.000291093169819002,0.0271507033359658,0.127517841020581
"55632","G2E3",0.683412144306389,3.11256489761471,3.83158440267984,0.000294376782261766,0.027276332903781,0.239604000725009
"54826","GIN1",0.782820072682884,2.84726937576636,3.82707648116447,0.000298783970274504,0.0275037479565105,0.251355234461395
"8204","NRIP1",0.690758022687445,5.21889594122922,3.82429018947274,0.000301539553314587,0.0275771627849523,0.129413698556584
"1106","CHD2",0.5917144673547,5.93724076365436,3.81380076712526,0.000312133443373049,0.0283618542997808,0.0582848507973432
"65260","COA7",0.485481891519071,3.6683316796902,3.80930353582025,0.000316783883978304,0.0285998988586567,0.160714816045611
"8554","PIAS1",0.602098613268446,5.40691086209411,3.80316196090643,0.000323242025775274,0.0289070987015185,0.0405264677043586
"57579","FAM135A",0.512486219658689,4.50860380217776,3.80217504141599,0.000324291507727913,0.0289070987015185,0.107406214996324
"203523","ZNF449",0.718038235125193,2.87135435639925,3.79242646723443,0.000334834929574671,0.0296592147681111,0.147479105852899
"27443","CECR2",0.683827323148015,3.48444953936806,3.78760785853991,0.000340166897224083,0.0299431911281499,0.11362039265433
"84261","FBXW9",-0.406052616379097,3.51794045932244,-3.78196685851097,0.000346512185647879,0.0303122833705884,0.0926853801890939
"9709","HERPUD1",0.95472676589755,5.9959816657939,3.77553686387399,0.000353883175802356,0.0307083943056226,-0.0603585769777606
"7738","ZNF184",0.775436163101015,2.71902041931158,3.77422870402474,0.000355401041736473,0.0307083943056226,0.0952921655765975
"25807","RHBDD3",-0.525049012536285,6.00739669270437,-3.77088502820119,0.00035930910170462,0.0308567645634626,-0.0632176454779927
"9698","PUM1",0.380079491382057,6.62864354168776,3.76320987497572,0.000368435912871193,0.0314487963447144,-0.100120879369134
"57700","FHIP2A",0.387204012136208,5.39524731445688,3.75287900645278,0.000381071528063961,0.0323313939834507,-0.107515953566848
"550631","CCDC157",-0.704285048713264,0.57536607877951,-3.75017539359653,0.000384446122369402,0.0324223903440159,-0.0363089120668354
"55629","PNRC2",0.542016086080445,5.32900983860495,3.73792086857773,0.000400103646164921,0.0335420223368259,-0.145915247673154
"9534","ZNF254",0.734103958507518,4.03482492880737,3.73025906842664,0.000410200925882969,0.0341850286398565,-0.0878619501370563
"79673","ZNF329",0.557519748221936,3.37506619989848,3.70885786894263,0.000439711717531694,0.0364288225277434,-0.106567688095264
"6940","ZNF354A",0.551595625481786,3.39675593826706,3.68389316835832,0.000476700347914119,0.0391428814175482,-0.185956080600707
"80314","EPC1",0.478686840138014,5.01201656633103,3.68303056130019,0.000478030076953869,0.0391428814175482,-0.293969402920556
"23271","CAMSAP2",0.414549043544902,6.56908417144461,3.67456471074657,0.000491269668977554,0.039583716863793,-0.366665592992507
"26036","ZNF451",0.405063003876972,5.28362731399988,3.67409581931007,0.000492013096852395,0.039583716863793,-0.32680855648538
"84622","ZNF594",1.06607821755074,2.11568158047581,3.67270162646581,0.000494229939160144,0.039583716863793,-0.190958591243586
"149420","PDIK1L",0.559845220359721,2.32612508781135,3.67243439841834,0.000494655933543566,0.039583716863793,-0.189771499449252
"28952","CCDC22",-0.401376162526987,4.05642739644059,-3.6681031310611,0.000501609566641955,0.0399133849524593,-0.270069389337405
"607","BCL9",0.478287579837887,4.6254523933984,3.66310415036689,0.000509751138709639,0.0401766504507219,-0.331410537851963
"100289678","ZNF783",0.731335615156496,2.35742874411351,3.66257308169291,0.000510623433021813,0.0401766504507219,-0.216456025882303
"2033","EP300",0.602823947197248,6.35739999679941,3.65717917786158,0.000519564125941076,0.0406530063875228,-0.4176685704596
"26057","ANKRD17",0.457644735930393,6.63964137688294,3.65351232282739,0.000525727197731363,0.0409079660378371,-0.427377180810545
"10427","SEC24B",0.375936262497885,5.96473893423152,3.64237442036146,0.000544877686123271,0.041778475093857,-0.456912354395025
"10395","DLC1",0.776129016174704,6.66924775032538,3.64215175417094,0.000545267237352373,0.041778475093857,-0.457095467181119
"389692","MAFA",-2.62472210767055,0.990176770879934,-3.64183968316451,0.000545813647917473,0.041778475093857,-0.337932177846631
"168850","ZNF800",0.580787180861775,4.09808888317408,3.63240159600906,0.000562587788425838,0.0427235022018233,-0.380746083540983
"7690","ZNF131",0.474983688118683,4.31832436040285,3.63149378465142,0.000564226882245039,0.0427235022018233,-0.405887066534919
"126017","ZNF813",0.987418344039137,1.70150436383439,3.62748536915924,0.000571518832757835,0.0428609384265531,-0.318612228552581
"657","BMPR1A",0.673546351664771,5.41547041352024,3.62686491381204,0.000572655537023137,0.0428609384265531,-0.491066089854685
"94134","ARHGAP12",0.471095175740268,4.96938970750876,3.62062099127531,0.000584215290895031,0.0428609384265531,-0.468337011651985
"10179","RBM7",0.37401975598367,4.85942673514518,3.6205709380389,0.000584308849701611,0.0428609384265531,-0.471355090523938
"9202","ZMYM4",0.396131801918155,6.02328611489061,3.62008716181974,0.00058521385356179,0.0428609384265531,-0.524928869345621
"606553","LINC02905",0.820312524335901,3.02833174599447,3.61974206320861,0.000585860248207234,0.0428609384265531,-0.373054998149482
"83475","DOHH",-0.488911727220405,4.5234576632382,-3.61895097400997,0.00058734458366407,0.0428609384265531,-0.44551529919
"5144","PDE4D",1.00604437858273,5.00969586169306,3.61394891558354,0.000596813324203055,0.0430784179786936,-0.48771260864527
"9462","RASAL2",0.53311517139027,6.60281826694178,3.61343398170025,0.000597796292294703,0.0430784179786936,-0.544534596062799
"57182","ANKRD50",0.682886006920583,6.77024178709463,3.6125429496255,0.000599500846621978,0.0430784179786936,-0.543108961011286
"4040","LRP6",0.41899014029399,5.43220163599921,3.60800772068916,0.000608248790549621,0.0434851571883293,-0.54755137318872
"7637","ZNF84",0.562600386672305,4.92682085032347,3.60194131112849,0.000620140448709763,0.0441114044425672,-0.52058653326597
"54880","BCOR",0.857969358236522,5.66328375693775,3.59825868406568,0.00062746695765515,0.044408264480478,-0.578575787627005
"441478","NRARP",-0.859510590416475,2.26763954790931,-3.5846618874686,0.000655237818390483,0.0461418471710578,-0.435131233993347
"133957","CCDC127",0.377787029345691,4.53120926950267,3.57976512460007,0.000665522794446542,0.0466329504327617,-0.576170249745409
"10560","SLC19A2",-0.639415444510289,4.95151118980671,-3.5768478528295,0.00067172295830532,0.0467959099559835,-0.595058310598623
"26811","SNORD55",-1.1042018296044,0.195560573310989,-3.57555243672781,0.000674493731969941,0.0467959099559835,-0.513043513348535
"23268","DNMBP",0.780541320211948,4.69824407102696,3.57328321272497,0.000679373619153364,0.046903421824294,-0.596171652871258
"54555","DDX49",-0.296521854255611,5.88749503250588,-3.56985909012638,0.000686800709296688,0.0470922244469763,-0.668886660846317
"81856","ZNF611",0.664805264698268,3.0450920562176,3.56894535191333,0.000688795671405646,0.0470922244469763,-0.500680836185541
"134266","GRPEL2",0.632056562261482,3.10373398574926,3.56477659954577,0.000697967451086542,0.0474887612613665,-0.513159415807168
"9935","MAFB",-1.64328282630989,3.27283333981517,-3.55897733571725,0.000710919943570929,0.0481374831021777,-0.514167381168558
"84132","USP42",0.421796342702122,4.21627090748547,3.54799554708637,0.0007360762641543,0.0496023832743979,-0.63071192154025
"11277","TREX1",-1.12606227234059,1.85274779247804,-3.5447486526195,0.000743674658879765,0.0498757804555362,-0.547340047476209
